approach,timestamp,status,dataset,missingness,ncols,ratio,repetition,precision,recall,f1,dirty_nulls,imputed_nulls,missing_time_seconds,imputation_time_seconds,score_time_seconds,clean_file,dirty_file,repaired_file,jar,error
HYPERIMPUTE,2026-06-11T08:57:26,ok,International_Education_Costs,MAR,12,0.01,1,0.037,0.037,0.037,108,0,,174.9971,0.9193,C:\Users\daisl\Documents\Tullio\PARALLEL\MISSDC_EXPERIMENTS\data\International_Education_Costs\MAR\0.01\1\clean.csv,C:\Users\daisl\Documents\Tullio\PARALLEL\MISSDC_EXPERIMENTS\data\International_Education_Costs\MAR\0.01\1\dirty.csv,C:\Users\daisl\Documents\Tullio\PARALLEL\MISSDC_EXPERIMENTS\data\International_Education_Costs\MAR\0.01\1\dirty_imputed.csv,,
HYPERIMPUTE,2026-06-11T09:00:22,ok,International_Education_Costs,MAR,12,0.01,2,0.0648,0.0648,0.0648,108,0,,195.7683,0.8679,C:\Users\daisl\Documents\Tullio\PARALLEL\MISSDC_EXPERIMENTS\data\International_Education_Costs\MAR\0.01\2\clean.csv,C:\Users\daisl\Documents\Tullio\PARALLEL\MISSDC_EXPERIMENTS\data\International_Education_Costs\MAR\0.01\2\dirty.csv,C:\Users\daisl\Documents\Tullio\PARALLEL\MISSDC_EXPERIMENTS\data\International_Education_Costs\MAR\0.01\2\dirty_imputed.csv,,
HYPERIMPUTE,2026-06-11T09:03:38,ok,International_Education_Costs,MAR,12,0.01,3,0.0093,0.0093,0.0093,108,0,,186.4135,0.878,C:\Users\daisl\Documents\Tullio\PARALLEL\MISSDC_EXPERIMENTS\data\International_Education_Costs\MAR\0.01\3\clean.csv,C:\Users\daisl\Documents\Tullio\PARALLEL\MISSDC_EXPERIMENTS\data\International_Education_Costs\MAR\0.01\3\dirty.csv,C:\Users\daisl\Documents\Tullio\PARALLEL\MISSDC_EXPERIMENTS\data\International_Education_Costs\MAR\0.01\3\dirty_imputed.csv,,
HYPERIMPUTE,2026-06-11T09:06:46,ok,International_Education_Costs,MAR,12,0.01,4,0.0,0.0,0.0,108,0,,197.9673,0.8827,C:\Users\daisl\Documents\Tullio\PARALLEL\MISSDC_EXPERIMENTS\data\International_Education_Costs\MAR\0.01\4\clean.csv,C:\Users\daisl\Documents\Tullio\PARALLEL\MISSDC_EXPERIMENTS\data\International_Education_Costs\MAR\0.01\4\dirty.csv,C:\Users\daisl\Documents\Tullio\PARALLEL\MISSDC_EXPERIMENTS\data\International_Education_Costs\MAR\0.01\4\dirty_imputed.csv,,
HYPERIMPUTE,2026-06-11T09:10:05,ok,International_Education_Costs,MAR,12,0.01,5,0.0741,0.0741,0.0741,108,0,,168.0115,0.9752,C:\Users\daisl\Documents\Tullio\PARALLEL\MISSDC_EXPERIMENTS\data\International_Education_Costs\MAR\0.01\5\clean.csv,C:\Users\daisl\Documents\Tullio\PARALLEL\MISSDC_EXPERIMENTS\data\International_Education_Costs\MAR\0.01\5\dirty.csv,C:\Users\daisl\Documents\Tullio\PARALLEL\MISSDC_EXPERIMENTS\data\International_Education_Costs\MAR\0.01\5\dirty_imputed.csv,,
HYPERIMPUTE,2026-06-11T09:12:54,ok,International_Education_Costs,MAR,12,0.05,1,0.0685,0.0685,0.0685,540,0,,176.4793,1.0048,C:\Users\daisl\Documents\Tullio\PARALLEL\MISSDC_EXPERIMENTS\data\International_Education_Costs\MAR\0.05\1\clean.csv,C:\Users\daisl\Documents\Tullio\PARALLEL\MISSDC_EXPERIMENTS\data\International_Education_Costs\MAR\0.05\1\dirty.csv,C:\Users\daisl\Documents\Tullio\PARALLEL\MISSDC_EXPERIMENTS\data\International_Education_Costs\MAR\0.05\1\dirty_imputed.csv,,
HYPERIMPUTE,2026-06-11T09:15:51,ok,International_Education_Costs,MAR,12,0.05,2,0.0333,0.0333,0.0333,540,0,,181.4153,0.9331,C:\Users\daisl\Documents\Tullio\PARALLEL\MISSDC_EXPERIMENTS\data\International_Education_Costs\MAR\0.05\2\clean.csv,C:\Users\daisl\Documents\Tullio\PARALLEL\MISSDC_EXPERIMENTS\data\International_Education_Costs\MAR\0.05\2\dirty.csv,C:\Users\daisl\Documents\Tullio\PARALLEL\MISSDC_EXPERIMENTS\data\International_Education_Costs\MAR\0.05\2\dirty_imputed.csv,,
HYPERIMPUTE,2026-06-11T09:18:53,ok,International_Education_Costs,MAR,12,0.05,3,0.0259,0.0259,0.0259,540,0,,172.7713,0.9489,C:\Users\daisl\Documents\Tullio\PARALLEL\MISSDC_EXPERIMENTS\data\International_Education_Costs\MAR\0.05\3\clean.csv,C:\Users\daisl\Documents\Tullio\PARALLEL\MISSDC_EXPERIMENTS\data\International_Education_Costs\MAR\0.05\3\dirty.csv,C:\Users\daisl\Documents\Tullio\PARALLEL\MISSDC_EXPERIMENTS\data\International_Education_Costs\MAR\0.05\3\dirty_imputed.csv,,
HYPERIMPUTE,2026-06-11T09:21:47,ok,International_Education_Costs,MAR,12,0.05,4,0.05,0.05,0.05,540,0,,173.3154,0.9017,C:\Users\daisl\Documents\Tullio\PARALLEL\MISSDC_EXPERIMENTS\data\International_Education_Costs\MAR\0.05\4\clean.csv,C:\Users\daisl\Documents\Tullio\PARALLEL\MISSDC_EXPERIMENTS\data\International_Education_Costs\MAR\0.05\4\dirty.csv,C:\Users\daisl\Documents\Tullio\PARALLEL\MISSDC_EXPERIMENTS\data\International_Education_Costs\MAR\0.05\4\dirty_imputed.csv,,
HYPERIMPUTE,2026-06-11T09:24:41,ok,International_Education_Costs,MAR,12,0.05,5,0.0722,0.0722,0.0722,540,0,,175.1072,0.775,C:\Users\daisl\Documents\Tullio\PARALLEL\MISSDC_EXPERIMENTS\data\International_Education_Costs\MAR\0.05\5\clean.csv,C:\Users\daisl\Documents\Tullio\PARALLEL\MISSDC_EXPERIMENTS\data\International_Education_Costs\MAR\0.05\5\dirty.csv,C:\Users\daisl\Documents\Tullio\PARALLEL\MISSDC_EXPERIMENTS\data\International_Education_Costs\MAR\0.05\5\dirty_imputed.csv,,
HYPERIMPUTE,2026-06-11T09:27:37,ok,International_Education_Costs,MAR,12,0.1,1,0.0556,0.0556,0.0556,1080,0,,156.8204,0.8356,C:\Users\daisl\Documents\Tullio\PARALLEL\MISSDC_EXPERIMENTS\data\International_Education_Costs\MAR\0.1\1\clean.csv,C:\Users\daisl\Documents\Tullio\PARALLEL\MISSDC_EXPERIMENTS\data\International_Education_Costs\MAR\0.1\1\dirty.csv,C:\Users\daisl\Documents\Tullio\PARALLEL\MISSDC_EXPERIMENTS\data\International_Education_Costs\MAR\0.1\1\dirty_imputed.csv,,
HYPERIMPUTE,2026-06-11T09:30:15,ok,International_Education_Costs,MAR,12,0.1,2,0.0315,0.0315,0.0315,1080,0,,136.7642,0.8741,C:\Users\daisl\Documents\Tullio\PARALLEL\MISSDC_EXPERIMENTS\data\International_Education_Costs\MAR\0.1\2\clean.csv,C:\Users\daisl\Documents\Tullio\PARALLEL\MISSDC_EXPERIMENTS\data\International_Education_Costs\MAR\0.1\2\dirty.csv,C:\Users\daisl\Documents\Tullio\PARALLEL\MISSDC_EXPERIMENTS\data\International_Education_Costs\MAR\0.1\2\dirty_imputed.csv,,
HYPERIMPUTE,2026-06-11T09:32:33,ok,International_Education_Costs,MAR,12,0.1,3,0.0435,0.0435,0.0435,1080,0,,148.6108,0.7603,C:\Users\daisl\Documents\Tullio\PARALLEL\MISSDC_EXPERIMENTS\data\International_Education_Costs\MAR\0.1\3\clean.csv,C:\Users\daisl\Documents\Tullio\PARALLEL\MISSDC_EXPERIMENTS\data\International_Education_Costs\MAR\0.1\3\dirty.csv,C:\Users\daisl\Documents\Tullio\PARALLEL\MISSDC_EXPERIMENTS\data\International_Education_Costs\MAR\0.1\3\dirty_imputed.csv,,
HYPERIMPUTE,2026-06-11T09:35:02,ok,International_Education_Costs,MAR,12,0.1,4,0.0796,0.0796,0.0796,1080,0,,159.2783,0.9384,C:\Users\daisl\Documents\Tullio\PARALLEL\MISSDC_EXPERIMENTS\data\International_Education_Costs\MAR\0.1\4\clean.csv,C:\Users\daisl\Documents\Tullio\PARALLEL\MISSDC_EXPERIMENTS\data\International_Education_Costs\MAR\0.1\4\dirty.csv,C:\Users\daisl\Documents\Tullio\PARALLEL\MISSDC_EXPERIMENTS\data\International_Education_Costs\MAR\0.1\4\dirty_imputed.csv,,
HYPERIMPUTE,2026-06-11T09:37:42,ok,International_Education_Costs,MAR,12,0.1,5,0.0481,0.0481,0.0481,1080,0,,136.6003,0.9421,C:\Users\daisl\Documents\Tullio\PARALLEL\MISSDC_EXPERIMENTS\data\International_Education_Costs\MAR\0.1\5\clean.csv,C:\Users\daisl\Documents\Tullio\PARALLEL\MISSDC_EXPERIMENTS\data\International_Education_Costs\MAR\0.1\5\dirty.csv,C:\Users\daisl\Documents\Tullio\PARALLEL\MISSDC_EXPERIMENTS\data\International_Education_Costs\MAR\0.1\5\dirty_imputed.csv,,
HYPERIMPUTE,2026-06-11T09:40:00,ok,International_Education_Costs,MAR,12,0.15,1,0.0368,0.0368,0.0368,1632,0,,145.3779,0.9389,C:\Users\daisl\Documents\Tullio\PARALLEL\MISSDC_EXPERIMENTS\data\International_Education_Costs\MAR\0.15\1\clean.csv,C:\Users\daisl\Documents\Tullio\PARALLEL\MISSDC_EXPERIMENTS\data\International_Education_Costs\MAR\0.15\1\dirty.csv,C:\Users\daisl\Documents\Tullio\PARALLEL\MISSDC_EXPERIMENTS\data\International_Education_Costs\MAR\0.15\1\dirty_imputed.csv,,
HYPERIMPUTE,2026-06-11T09:42:26,ok,International_Education_Costs,MAR,12,0.15,2,0.0263,0.0263,0.0263,1632,0,,243.2168,1.0072,C:\Users\daisl\Documents\Tullio\PARALLEL\MISSDC_EXPERIMENTS\data\International_Education_Costs\MAR\0.15\2\clean.csv,C:\Users\daisl\Documents\Tullio\PARALLEL\MISSDC_EXPERIMENTS\data\International_Education_Costs\MAR\0.15\2\dirty.csv,C:\Users\daisl\Documents\Tullio\PARALLEL\MISSDC_EXPERIMENTS\data\International_Education_Costs\MAR\0.15\2\dirty_imputed.csv,,
HYPERIMPUTE,2026-06-11T09:46:30,ok,International_Education_Costs,MAR,12,0.15,3,0.0496,0.0496,0.0496,1632,0,,169.6701,0.947,C:\Users\daisl\Documents\Tullio\PARALLEL\MISSDC_EXPERIMENTS\data\International_Education_Costs\MAR\0.15\3\clean.csv,C:\Users\daisl\Documents\Tullio\PARALLEL\MISSDC_EXPERIMENTS\data\International_Education_Costs\MAR\0.15\3\dirty.csv,C:\Users\daisl\Documents\Tullio\PARALLEL\MISSDC_EXPERIMENTS\data\International_Education_Costs\MAR\0.15\3\dirty_imputed.csv,,
HYPERIMPUTE,2026-06-11T09:49:21,ok,International_Education_Costs,MAR,12,0.15,4,0.0484,0.0484,0.0484,1632,0,,179.6289,0.9263,C:\Users\daisl\Documents\Tullio\PARALLEL\MISSDC_EXPERIMENTS\data\International_Education_Costs\MAR\0.15\4\clean.csv,C:\Users\daisl\Documents\Tullio\PARALLEL\MISSDC_EXPERIMENTS\data\International_Education_Costs\MAR\0.15\4\dirty.csv,C:\Users\daisl\Documents\Tullio\PARALLEL\MISSDC_EXPERIMENTS\data\International_Education_Costs\MAR\0.15\4\dirty_imputed.csv,,
HYPERIMPUTE,2026-06-11T09:52:22,ok,International_Education_Costs,MAR,12,0.15,5,0.0668,0.0668,0.0668,1632,0,,181.868,1.076,C:\Users\daisl\Documents\Tullio\PARALLEL\MISSDC_EXPERIMENTS\data\International_Education_Costs\MAR\0.15\5\clean.csv,C:\Users\daisl\Documents\Tullio\PARALLEL\MISSDC_EXPERIMENTS\data\International_Education_Costs\MAR\0.15\5\dirty.csv,C:\Users\daisl\Documents\Tullio\PARALLEL\MISSDC_EXPERIMENTS\data\International_Education_Costs\MAR\0.15\5\dirty_imputed.csv,,
HYPERIMPUTE,2026-06-11T09:55:25,ok,International_Education_Costs,MAR,12,0.2,1,0.029,0.029,0.029,2172,0,,176.6561,0.9549,C:\Users\daisl\Documents\Tullio\PARALLEL\MISSDC_EXPERIMENTS\data\International_Education_Costs\MAR\0.2\1\clean.csv,C:\Users\daisl\Documents\Tullio\PARALLEL\MISSDC_EXPERIMENTS\data\International_Education_Costs\MAR\0.2\1\dirty.csv,C:\Users\daisl\Documents\Tullio\PARALLEL\MISSDC_EXPERIMENTS\data\International_Education_Costs\MAR\0.2\1\dirty_imputed.csv,,
HYPERIMPUTE,2026-06-11T09:58:22,ok,International_Education_Costs,MAR,12,0.2,2,0.0608,0.0608,0.0608,2172,0,,141.6884,0.9868,C:\Users\daisl\Documents\Tullio\PARALLEL\MISSDC_EXPERIMENTS\data\International_Education_Costs\MAR\0.2\2\clean.csv,C:\Users\daisl\Documents\Tullio\PARALLEL\MISSDC_EXPERIMENTS\data\International_Education_Costs\MAR\0.2\2\dirty.csv,C:\Users\daisl\Documents\Tullio\PARALLEL\MISSDC_EXPERIMENTS\data\International_Education_Costs\MAR\0.2\2\dirty_imputed.csv,,
HYPERIMPUTE,2026-06-11T10:00:45,ok,International_Education_Costs,MAR,12,0.2,3,0.0566,0.0566,0.0566,2172,0,,162.3602,1.0126,C:\Users\daisl\Documents\Tullio\PARALLEL\MISSDC_EXPERIMENTS\data\International_Education_Costs\MAR\0.2\3\clean.csv,C:\Users\daisl\Documents\Tullio\PARALLEL\MISSDC_EXPERIMENTS\data\International_Education_Costs\MAR\0.2\3\dirty.csv,C:\Users\daisl\Documents\Tullio\PARALLEL\MISSDC_EXPERIMENTS\data\International_Education_Costs\MAR\0.2\3\dirty_imputed.csv,,
HYPERIMPUTE,2026-06-11T10:03:28,ok,International_Education_Costs,MAR,12,0.2,4,0.1054,0.1054,0.1054,2172,0,,157.174,0.9389,C:\Users\daisl\Documents\Tullio\PARALLEL\MISSDC_EXPERIMENTS\data\International_Education_Costs\MAR\0.2\4\clean.csv,C:\Users\daisl\Documents\Tullio\PARALLEL\MISSDC_EXPERIMENTS\data\International_Education_Costs\MAR\0.2\4\dirty.csv,C:\Users\daisl\Documents\Tullio\PARALLEL\MISSDC_EXPERIMENTS\data\International_Education_Costs\MAR\0.2\4\dirty_imputed.csv,,
HYPERIMPUTE,2026-06-11T10:06:06,ok,International_Education_Costs,MAR,12,0.2,5,0.0571,0.0571,0.0571,2172,0,,195.0449,0.9932,C:\Users\daisl\Documents\Tullio\PARALLEL\MISSDC_EXPERIMENTS\data\International_Education_Costs\MAR\0.2\5\clean.csv,C:\Users\daisl\Documents\Tullio\PARALLEL\MISSDC_EXPERIMENTS\data\International_Education_Costs\MAR\0.2\5\dirty.csv,C:\Users\daisl\Documents\Tullio\PARALLEL\MISSDC_EXPERIMENTS\data\International_Education_Costs\MAR\0.2\5\dirty_imputed.csv,,
HYPERIMPUTE,2026-06-11T10:09:22,ok,International_Education_Costs,MAR,12,0.25,1,0.0487,0.0487,0.0487,2712,0,,229.1956,1.0021,C:\Users\daisl\Documents\Tullio\PARALLEL\MISSDC_EXPERIMENTS\data\International_Education_Costs\MAR\0.25\1\clean.csv,C:\Users\daisl\Documents\Tullio\PARALLEL\MISSDC_EXPERIMENTS\data\International_Education_Costs\MAR\0.25\1\dirty.csv,C:\Users\daisl\Documents\Tullio\PARALLEL\MISSDC_EXPERIMENTS\data\International_Education_Costs\MAR\0.25\1\dirty_imputed.csv,,
HYPERIMPUTE,2026-06-11T10:13:13,ok,International_Education_Costs,MAR,12,0.25,2,0.0269,0.0269,0.0269,2712,0,,152.3851,1.0815,C:\Users\daisl\Documents\Tullio\PARALLEL\MISSDC_EXPERIMENTS\data\International_Education_Costs\MAR\0.25\2\clean.csv,C:\Users\daisl\Documents\Tullio\PARALLEL\MISSDC_EXPERIMENTS\data\International_Education_Costs\MAR\0.25\2\dirty.csv,C:\Users\daisl\Documents\Tullio\PARALLEL\MISSDC_EXPERIMENTS\data\International_Education_Costs\MAR\0.25\2\dirty_imputed.csv,,
HYPERIMPUTE,2026-06-11T10:15:46,ok,International_Education_Costs,MAR,12,0.25,3,0.0498,0.0498,0.0498,2712,0,,157.3947,0.8679,C:\Users\daisl\Documents\Tullio\PARALLEL\MISSDC_EXPERIMENTS\data\International_Education_Costs\MAR\0.25\3\clean.csv,C:\Users\daisl\Documents\Tullio\PARALLEL\MISSDC_EXPERIMENTS\data\International_Education_Costs\MAR\0.25\3\dirty.csv,C:\Users\daisl\Documents\Tullio\PARALLEL\MISSDC_EXPERIMENTS\data\International_Education_Costs\MAR\0.25\3\dirty_imputed.csv,,
HYPERIMPUTE,2026-06-11T10:18:24,ok,International_Education_Costs,MAR,12,0.25,4,0.0752,0.0752,0.0752,2712,0,,117.2962,0.8141,C:\Users\daisl\Documents\Tullio\PARALLEL\MISSDC_EXPERIMENTS\data\International_Education_Costs\MAR\0.25\4\clean.csv,C:\Users\daisl\Documents\Tullio\PARALLEL\MISSDC_EXPERIMENTS\data\International_Education_Costs\MAR\0.25\4\dirty.csv,C:\Users\daisl\Documents\Tullio\PARALLEL\MISSDC_EXPERIMENTS\data\International_Education_Costs\MAR\0.25\4\dirty_imputed.csv,,
HYPERIMPUTE,2026-06-11T10:20:23,ok,International_Education_Costs,MAR,12,0.25,5,0.059,0.059,0.059,2712,0,,132.8533,0.9624,C:\Users\daisl\Documents\Tullio\PARALLEL\MISSDC_EXPERIMENTS\data\International_Education_Costs\MAR\0.25\5\clean.csv,C:\Users\daisl\Documents\Tullio\PARALLEL\MISSDC_EXPERIMENTS\data\International_Education_Costs\MAR\0.25\5\dirty.csv,C:\Users\daisl\Documents\Tullio\PARALLEL\MISSDC_EXPERIMENTS\data\International_Education_Costs\MAR\0.25\5\dirty_imputed.csv,,
HYPERIMPUTE,2026-06-11T10:22:36,ok,International_Education_Costs,MAR,12,0.3,1,0.0343,0.0343,0.0343,3264,0,,101.2022,0.9324,C:\Users\daisl\Documents\Tullio\PARALLEL\MISSDC_EXPERIMENTS\data\International_Education_Costs\MAR\0.3\1\clean.csv,C:\Users\daisl\Documents\Tullio\PARALLEL\MISSDC_EXPERIMENTS\data\International_Education_Costs\MAR\0.3\1\dirty.csv,C:\Users\daisl\Documents\Tullio\PARALLEL\MISSDC_EXPERIMENTS\data\International_Education_Costs\MAR\0.3\1\dirty_imputed.csv,,
HYPERIMPUTE,2026-06-11T10:24:19,ok,International_Education_Costs,MAR,12,0.3,2,0.0395,0.0395,0.0395,3264,0,,121.5229,0.9098,C:\Users\daisl\Documents\Tullio\PARALLEL\MISSDC_EXPERIMENTS\data\International_Education_Costs\MAR\0.3\2\clean.csv,C:\Users\daisl\Documents\Tullio\PARALLEL\MISSDC_EXPERIMENTS\data\International_Education_Costs\MAR\0.3\2\dirty.csv,C:\Users\daisl\Documents\Tullio\PARALLEL\MISSDC_EXPERIMENTS\data\International_Education_Costs\MAR\0.3\2\dirty_imputed.csv,,
HYPERIMPUTE,2026-06-11T10:26:21,ok,International_Education_Costs,MAR,12,0.3,3,0.0355,0.0355,0.0355,3264,0,,129.6244,0.9821,C:\Users\daisl\Documents\Tullio\PARALLEL\MISSDC_EXPERIMENTS\data\International_Education_Costs\MAR\0.3\3\clean.csv,C:\Users\daisl\Documents\Tullio\PARALLEL\MISSDC_EXPERIMENTS\data\International_Education_Costs\MAR\0.3\3\dirty.csv,C:\Users\daisl\Documents\Tullio\PARALLEL\MISSDC_EXPERIMENTS\data\International_Education_Costs\MAR\0.3\3\dirty_imputed.csv,,
HYPERIMPUTE,2026-06-11T10:28:32,ok,International_Education_Costs,MAR,12,0.3,4,0.0441,0.0441,0.0441,3264,0,,125.458,1.0453,C:\Users\daisl\Documents\Tullio\PARALLEL\MISSDC_EXPERIMENTS\data\International_Education_Costs\MAR\0.3\4\clean.csv,C:\Users\daisl\Documents\Tullio\PARALLEL\MISSDC_EXPERIMENTS\data\International_Education_Costs\MAR\0.3\4\dirty.csv,C:\Users\daisl\Documents\Tullio\PARALLEL\MISSDC_EXPERIMENTS\data\International_Education_Costs\MAR\0.3\4\dirty_imputed.csv,,
HYPERIMPUTE,2026-06-11T10:30:38,ok,International_Education_Costs,MAR,12,0.3,5,0.0573,0.0573,0.0573,3264,0,,144.7677,1.0152,C:\Users\daisl\Documents\Tullio\PARALLEL\MISSDC_EXPERIMENTS\data\International_Education_Costs\MAR\0.3\5\clean.csv,C:\Users\daisl\Documents\Tullio\PARALLEL\MISSDC_EXPERIMENTS\data\International_Education_Costs\MAR\0.3\5\dirty.csv,C:\Users\daisl\Documents\Tullio\PARALLEL\MISSDC_EXPERIMENTS\data\International_Education_Costs\MAR\0.3\5\dirty_imputed.csv,,
HYPERIMPUTE,2026-06-11T10:33:04,ok,International_Education_Costs,MCAR,12,0.01,1,0.0093,0.0093,0.0093,108,0,,167.8107,0.9307,C:\Users\daisl\Documents\Tullio\PARALLEL\MISSDC_EXPERIMENTS\data\International_Education_Costs\MCAR\0.01\1\clean.csv,C:\Users\daisl\Documents\Tullio\PARALLEL\MISSDC_EXPERIMENTS\data\International_Education_Costs\MCAR\0.01\1\dirty.csv,C:\Users\daisl\Documents\Tullio\PARALLEL\MISSDC_EXPERIMENTS\data\International_Education_Costs\MCAR\0.01\1\dirty_imputed.csv,,
HYPERIMPUTE,2026-06-11T10:35:53,ok,International_Education_Costs,MCAR,12,0.01,2,0.0648,0.0648,0.0648,108,0,,181.962,0.885,C:\Users\daisl\Documents\Tullio\PARALLEL\MISSDC_EXPERIMENTS\data\International_Education_Costs\MCAR\0.01\2\clean.csv,C:\Users\daisl\Documents\Tullio\PARALLEL\MISSDC_EXPERIMENTS\data\International_Education_Costs\MCAR\0.01\2\dirty.csv,C:\Users\daisl\Documents\Tullio\PARALLEL\MISSDC_EXPERIMENTS\data\International_Education_Costs\MCAR\0.01\2\dirty_imputed.csv,,
HYPERIMPUTE,2026-06-11T10:38:56,ok,International_Education_Costs,MCAR,12,0.01,3,0.0463,0.0463,0.0463,108,0,,176.5567,0.9101,C:\Users\daisl\Documents\Tullio\PARALLEL\MISSDC_EXPERIMENTS\data\International_Education_Costs\MCAR\0.01\3\clean.csv,C:\Users\daisl\Documents\Tullio\PARALLEL\MISSDC_EXPERIMENTS\data\International_Education_Costs\MCAR\0.01\3\dirty.csv,C:\Users\daisl\Documents\Tullio\PARALLEL\MISSDC_EXPERIMENTS\data\International_Education_Costs\MCAR\0.01\3\dirty_imputed.csv,,
HYPERIMPUTE,2026-06-11T10:41:53,ok,International_Education_Costs,MCAR,12,0.01,4,0.0648,0.0648,0.0648,108,0,,180.1724,0.9277,C:\Users\daisl\Documents\Tullio\PARALLEL\MISSDC_EXPERIMENTS\data\International_Education_Costs\MCAR\0.01\4\clean.csv,C:\Users\daisl\Documents\Tullio\PARALLEL\MISSDC_EXPERIMENTS\data\International_Education_Costs\MCAR\0.01\4\dirty.csv,C:\Users\daisl\Documents\Tullio\PARALLEL\MISSDC_EXPERIMENTS\data\International_Education_Costs\MCAR\0.01\4\dirty_imputed.csv,,
HYPERIMPUTE,2026-06-11T10:44:54,ok,International_Education_Costs,MCAR,12,0.01,5,0.037,0.037,0.037,108,0,,188.9558,0.8929,C:\Users\daisl\Documents\Tullio\PARALLEL\MISSDC_EXPERIMENTS\data\International_Education_Costs\MCAR\0.01\5\clean.csv,C:\Users\daisl\Documents\Tullio\PARALLEL\MISSDC_EXPERIMENTS\data\International_Education_Costs\MCAR\0.01\5\dirty.csv,C:\Users\daisl\Documents\Tullio\PARALLEL\MISSDC_EXPERIMENTS\data\International_Education_Costs\MCAR\0.01\5\dirty_imputed.csv,,
HYPERIMPUTE,2026-06-11T10:48:04,ok,International_Education_Costs,MCAR,12,0.05,1,0.0463,0.0463,0.0463,540,0,,184.0526,0.8875,C:\Users\daisl\Documents\Tullio\PARALLEL\MISSDC_EXPERIMENTS\data\International_Education_Costs\MCAR\0.05\1\clean.csv,C:\Users\daisl\Documents\Tullio\PARALLEL\MISSDC_EXPERIMENTS\data\International_Education_Costs\MCAR\0.05\1\dirty.csv,C:\Users\daisl\Documents\Tullio\PARALLEL\MISSDC_EXPERIMENTS\data\International_Education_Costs\MCAR\0.05\1\dirty_imputed.csv,,
HYPERIMPUTE,2026-06-11T10:51:09,ok,International_Education_Costs,MCAR,12,0.05,2,0.05,0.05,0.05,540,0,,177.4048,0.9685,C:\Users\daisl\Documents\Tullio\PARALLEL\MISSDC_EXPERIMENTS\data\International_Education_Costs\MCAR\0.05\2\clean.csv,C:\Users\daisl\Documents\Tullio\PARALLEL\MISSDC_EXPERIMENTS\data\International_Education_Costs\MCAR\0.05\2\dirty.csv,C:\Users\daisl\Documents\Tullio\PARALLEL\MISSDC_EXPERIMENTS\data\International_Education_Costs\MCAR\0.05\2\dirty_imputed.csv,,
HYPERIMPUTE,2026-06-11T10:54:07,ok,International_Education_Costs,MCAR,12,0.05,3,0.0537,0.0537,0.0537,540,0,,159.5086,0.9329,C:\Users\daisl\Documents\Tullio\PARALLEL\MISSDC_EXPERIMENTS\data\International_Education_Costs\MCAR\0.05\3\clean.csv,C:\Users\daisl\Documents\Tullio\PARALLEL\MISSDC_EXPERIMENTS\data\International_Education_Costs\MCAR\0.05\3\dirty.csv,C:\Users\daisl\Documents\Tullio\PARALLEL\MISSDC_EXPERIMENTS\data\International_Education_Costs\MCAR\0.05\3\dirty_imputed.csv,,
HYPERIMPUTE,2026-06-11T10:56:48,ok,International_Education_Costs,MCAR,12,0.05,4,0.0556,0.0556,0.0556,540,0,,257.7587,0.9293,C:\Users\daisl\Documents\Tullio\PARALLEL\MISSDC_EXPERIMENTS\data\International_Education_Costs\MCAR\0.05\4\clean.csv,C:\Users\daisl\Documents\Tullio\PARALLEL\MISSDC_EXPERIMENTS\data\International_Education_Costs\MCAR\0.05\4\dirty.csv,C:\Users\daisl\Documents\Tullio\PARALLEL\MISSDC_EXPERIMENTS\data\International_Education_Costs\MCAR\0.05\4\dirty_imputed.csv,,
HYPERIMPUTE,2026-06-11T11:01:06,ok,International_Education_Costs,MCAR,12,0.05,5,0.0556,0.0556,0.0556,540,0,,182.0379,0.9016,C:\Users\daisl\Documents\Tullio\PARALLEL\MISSDC_EXPERIMENTS\data\International_Education_Costs\MCAR\0.05\5\clean.csv,C:\Users\daisl\Documents\Tullio\PARALLEL\MISSDC_EXPERIMENTS\data\International_Education_Costs\MCAR\0.05\5\dirty.csv,C:\Users\daisl\Documents\Tullio\PARALLEL\MISSDC_EXPERIMENTS\data\International_Education_Costs\MCAR\0.05\5\dirty_imputed.csv,,
HYPERIMPUTE,2026-06-11T11:04:09,ok,International_Education_Costs,MCAR,12,0.1,1,0.0583,0.0583,0.0583,1080,0,,163.9785,1.0613,C:\Users\daisl\Documents\Tullio\PARALLEL\MISSDC_EXPERIMENTS\data\International_Education_Costs\MCAR\0.1\1\clean.csv,C:\Users\daisl\Documents\Tullio\PARALLEL\MISSDC_EXPERIMENTS\data\International_Education_Costs\MCAR\0.1\1\dirty.csv,C:\Users\daisl\Documents\Tullio\PARALLEL\MISSDC_EXPERIMENTS\data\International_Education_Costs\MCAR\0.1\1\dirty_imputed.csv,,
HYPERIMPUTE,2026-06-11T11:06:55,ok,International_Education_Costs,MCAR,12,0.1,2,0.05,0.05,0.05,1080,0,,147.9643,0.8023,C:\Users\daisl\Documents\Tullio\PARALLEL\MISSDC_EXPERIMENTS\data\International_Education_Costs\MCAR\0.1\2\clean.csv,C:\Users\daisl\Documents\Tullio\PARALLEL\MISSDC_EXPERIMENTS\data\International_Education_Costs\MCAR\0.1\2\dirty.csv,C:\Users\daisl\Documents\Tullio\PARALLEL\MISSDC_EXPERIMENTS\data\International_Education_Costs\MCAR\0.1\2\dirty_imputed.csv,,
HYPERIMPUTE,2026-06-11T11:09:23,ok,International_Education_Costs,MCAR,12,0.1,3,0.0491,0.0491,0.0491,1080,0,,146.0441,0.7684,C:\Users\daisl\Documents\Tullio\PARALLEL\MISSDC_EXPERIMENTS\data\International_Education_Costs\MCAR\0.1\3\clean.csv,C:\Users\daisl\Documents\Tullio\PARALLEL\MISSDC_EXPERIMENTS\data\International_Education_Costs\MCAR\0.1\3\dirty.csv,C:\Users\daisl\Documents\Tullio\PARALLEL\MISSDC_EXPERIMENTS\data\International_Education_Costs\MCAR\0.1\3\dirty_imputed.csv,,
HYPERIMPUTE,2026-06-11T11:11:50,ok,International_Education_Costs,MCAR,12,0.1,4,0.0454,0.0454,0.0454,1080,0,,126.1671,0.7834,C:\Users\daisl\Documents\Tullio\PARALLEL\MISSDC_EXPERIMENTS\data\International_Education_Costs\MCAR\0.1\4\clean.csv,C:\Users\daisl\Documents\Tullio\PARALLEL\MISSDC_EXPERIMENTS\data\International_Education_Costs\MCAR\0.1\4\dirty.csv,C:\Users\daisl\Documents\Tullio\PARALLEL\MISSDC_EXPERIMENTS\data\International_Education_Costs\MCAR\0.1\4\dirty_imputed.csv,,
HYPERIMPUTE,2026-06-11T11:13:57,ok,International_Education_Costs,MCAR,12,0.1,5,0.037,0.037,0.037,1080,0,,115.066,0.8497,C:\Users\daisl\Documents\Tullio\PARALLEL\MISSDC_EXPERIMENTS\data\International_Education_Costs\MCAR\0.1\5\clean.csv,C:\Users\daisl\Documents\Tullio\PARALLEL\MISSDC_EXPERIMENTS\data\International_Education_Costs\MCAR\0.1\5\dirty.csv,C:\Users\daisl\Documents\Tullio\PARALLEL\MISSDC_EXPERIMENTS\data\International_Education_Costs\MCAR\0.1\5\dirty_imputed.csv,,
HYPERIMPUTE,2026-06-11T11:15:53,ok,International_Education_Costs,MCAR,12,0.15,1,0.0509,0.0509,0.0509,1632,0,,148.2449,0.985,C:\Users\daisl\Documents\Tullio\PARALLEL\MISSDC_EXPERIMENTS\data\International_Education_Costs\MCAR\0.15\1\clean.csv,C:\Users\daisl\Documents\Tullio\PARALLEL\MISSDC_EXPERIMENTS\data\International_Education_Costs\MCAR\0.15\1\dirty.csv,C:\Users\daisl\Documents\Tullio\PARALLEL\MISSDC_EXPERIMENTS\data\International_Education_Costs\MCAR\0.15\1\dirty_imputed.csv,,
HYPERIMPUTE,2026-06-11T11:18:22,ok,International_Education_Costs,MCAR,12,0.15,2,0.0539,0.0539,0.0539,1632,0,,136.9231,1.0004,C:\Users\daisl\Documents\Tullio\PARALLEL\MISSDC_EXPERIMENTS\data\International_Education_Costs\MCAR\0.15\2\clean.csv,C:\Users\daisl\Documents\Tullio\PARALLEL\MISSDC_EXPERIMENTS\data\International_Education_Costs\MCAR\0.15\2\dirty.csv,C:\Users\daisl\Documents\Tullio\PARALLEL\MISSDC_EXPERIMENTS\data\International_Education_Costs\MCAR\0.15\2\dirty_imputed.csv,,
HYPERIMPUTE,2026-06-11T11:20:40,ok,International_Education_Costs,MCAR,12,0.15,3,0.0496,0.0496,0.0496,1632,0,,151.6825,0.9706,C:\Users\daisl\Documents\Tullio\PARALLEL\MISSDC_EXPERIMENTS\data\International_Education_Costs\MCAR\0.15\3\clean.csv,C:\Users\daisl\Documents\Tullio\PARALLEL\MISSDC_EXPERIMENTS\data\International_Education_Costs\MCAR\0.15\3\dirty.csv,C:\Users\daisl\Documents\Tullio\PARALLEL\MISSDC_EXPERIMENTS\data\International_Education_Costs\MCAR\0.15\3\dirty_imputed.csv,,
HYPERIMPUTE,2026-06-11T11:23:13,ok,International_Education_Costs,MCAR,12,0.15,4,0.0521,0.0521,0.0521,1632,0,,177.0614,0.9712,C:\Users\daisl\Documents\Tullio\PARALLEL\MISSDC_EXPERIMENTS\data\International_Education_Costs\MCAR\0.15\4\clean.csv,C:\Users\daisl\Documents\Tullio\PARALLEL\MISSDC_EXPERIMENTS\data\International_Education_Costs\MCAR\0.15\4\dirty.csv,C:\Users\daisl\Documents\Tullio\PARALLEL\MISSDC_EXPERIMENTS\data\International_Education_Costs\MCAR\0.15\4\dirty_imputed.csv,,
HYPERIMPUTE,2026-06-11T11:26:11,ok,International_Education_Costs,MCAR,12,0.15,5,0.0411,0.0411,0.0411,1632,0,,152.0073,0.9981,C:\Users\daisl\Documents\Tullio\PARALLEL\MISSDC_EXPERIMENTS\data\International_Education_Costs\MCAR\0.15\5\clean.csv,C:\Users\daisl\Documents\Tullio\PARALLEL\MISSDC_EXPERIMENTS\data\International_Education_Costs\MCAR\0.15\5\dirty.csv,C:\Users\daisl\Documents\Tullio\PARALLEL\MISSDC_EXPERIMENTS\data\International_Education_Costs\MCAR\0.15\5\dirty_imputed.csv,,
HYPERIMPUTE,2026-06-11T11:28:44,ok,International_Education_Costs,MCAR,12,0.2,1,0.0502,0.0502,0.0502,2172,0,,170.5243,0.9589,C:\Users\daisl\Documents\Tullio\PARALLEL\MISSDC_EXPERIMENTS\data\International_Education_Costs\MCAR\0.2\1\clean.csv,C:\Users\daisl\Documents\Tullio\PARALLEL\MISSDC_EXPERIMENTS\data\International_Education_Costs\MCAR\0.2\1\dirty.csv,C:\Users\daisl\Documents\Tullio\PARALLEL\MISSDC_EXPERIMENTS\data\International_Education_Costs\MCAR\0.2\1\dirty_imputed.csv,,
HYPERIMPUTE,2026-06-11T11:31:35,ok,International_Education_Costs,MCAR,12,0.2,2,0.0483,0.0483,0.0483,2172,0,,119.2549,0.9715,C:\Users\daisl\Documents\Tullio\PARALLEL\MISSDC_EXPERIMENTS\data\International_Education_Costs\MCAR\0.2\2\clean.csv,C:\Users\daisl\Documents\Tullio\PARALLEL\MISSDC_EXPERIMENTS\data\International_Education_Costs\MCAR\0.2\2\dirty.csv,C:\Users\daisl\Documents\Tullio\PARALLEL\MISSDC_EXPERIMENTS\data\International_Education_Costs\MCAR\0.2\2\dirty_imputed.csv,,
HYPERIMPUTE,2026-06-11T11:33:36,ok,International_Education_Costs,MCAR,12,0.2,3,0.0576,0.0576,0.0576,2172,0,,148.1474,0.9556,C:\Users\daisl\Documents\Tullio\PARALLEL\MISSDC_EXPERIMENTS\data\International_Education_Costs\MCAR\0.2\3\clean.csv,C:\Users\daisl\Documents\Tullio\PARALLEL\MISSDC_EXPERIMENTS\data\International_Education_Costs\MCAR\0.2\3\dirty.csv,C:\Users\daisl\Documents\Tullio\PARALLEL\MISSDC_EXPERIMENTS\data\International_Education_Costs\MCAR\0.2\3\dirty_imputed.csv,,
HYPERIMPUTE,2026-06-11T11:36:05,ok,International_Education_Costs,MCAR,12,0.2,4,0.0529,0.0529,0.0529,2172,0,,141.2574,0.9996,C:\Users\daisl\Documents\Tullio\PARALLEL\MISSDC_EXPERIMENTS\data\International_Education_Costs\MCAR\0.2\4\clean.csv,C:\Users\daisl\Documents\Tullio\PARALLEL\MISSDC_EXPERIMENTS\data\International_Education_Costs\MCAR\0.2\4\dirty.csv,C:\Users\daisl\Documents\Tullio\PARALLEL\MISSDC_EXPERIMENTS\data\International_Education_Costs\MCAR\0.2\4\dirty_imputed.csv,,
HYPERIMPUTE,2026-06-11T11:38:27,ok,International_Education_Costs,MCAR,12,0.2,5,0.0488,0.0488,0.0488,2172,0,,163.491,0.9429,C:\Users\daisl\Documents\Tullio\PARALLEL\MISSDC_EXPERIMENTS\data\International_Education_Costs\MCAR\0.2\5\clean.csv,C:\Users\daisl\Documents\Tullio\PARALLEL\MISSDC_EXPERIMENTS\data\International_Education_Costs\MCAR\0.2\5\dirty.csv,C:\Users\daisl\Documents\Tullio\PARALLEL\MISSDC_EXPERIMENTS\data\International_Education_Costs\MCAR\0.2\5\dirty_imputed.csv,,
HYPERIMPUTE,2026-06-11T11:41:12,ok,International_Education_Costs,MCAR,12,0.25,1,0.0579,0.0579,0.0579,2712,0,,164.4268,1.0476,C:\Users\daisl\Documents\Tullio\PARALLEL\MISSDC_EXPERIMENTS\data\International_Education_Costs\MCAR\0.25\1\clean.csv,C:\Users\daisl\Documents\Tullio\PARALLEL\MISSDC_EXPERIMENTS\data\International_Education_Costs\MCAR\0.25\1\dirty.csv,C:\Users\daisl\Documents\Tullio\PARALLEL\MISSDC_EXPERIMENTS\data\International_Education_Costs\MCAR\0.25\1\dirty_imputed.csv,,
HYPERIMPUTE,2026-06-11T11:43:57,ok,International_Education_Costs,MCAR,12,0.25,2,0.052,0.052,0.052,2712,0,,145.1173,0.9947,C:\Users\daisl\Documents\Tullio\PARALLEL\MISSDC_EXPERIMENTS\data\International_Education_Costs\MCAR\0.25\2\clean.csv,C:\Users\daisl\Documents\Tullio\PARALLEL\MISSDC_EXPERIMENTS\data\International_Education_Costs\MCAR\0.25\2\dirty.csv,C:\Users\daisl\Documents\Tullio\PARALLEL\MISSDC_EXPERIMENTS\data\International_Education_Costs\MCAR\0.25\2\dirty_imputed.csv,,
HYPERIMPUTE,2026-06-11T11:46:23,ok,International_Education_Costs,MCAR,12,0.25,3,0.0553,0.0553,0.0553,2712,0,,161.7973,1.0058,C:\Users\daisl\Documents\Tullio\PARALLEL\MISSDC_EXPERIMENTS\data\International_Education_Costs\MCAR\0.25\3\clean.csv,C:\Users\daisl\Documents\Tullio\PARALLEL\MISSDC_EXPERIMENTS\data\International_Education_Costs\MCAR\0.25\3\dirty.csv,C:\Users\daisl\Documents\Tullio\PARALLEL\MISSDC_EXPERIMENTS\data\International_Education_Costs\MCAR\0.25\3\dirty_imputed.csv,,
HYPERIMPUTE,2026-06-11T11:49:06,ok,International_Education_Costs,MCAR,12,0.25,4,0.0468,0.0468,0.0468,2712,0,,163.3574,0.9675,C:\Users\daisl\Documents\Tullio\PARALLEL\MISSDC_EXPERIMENTS\data\International_Education_Costs\MCAR\0.25\4\clean.csv,C:\Users\daisl\Documents\Tullio\PARALLEL\MISSDC_EXPERIMENTS\data\International_Education_Costs\MCAR\0.25\4\dirty.csv,C:\Users\daisl\Documents\Tullio\PARALLEL\MISSDC_EXPERIMENTS\data\International_Education_Costs\MCAR\0.25\4\dirty_imputed.csv,,
HYPERIMPUTE,2026-06-11T11:51:50,ok,International_Education_Costs,MCAR,12,0.25,5,0.045,0.045,0.045,2712,0,,154.9508,0.9716,C:\Users\daisl\Documents\Tullio\PARALLEL\MISSDC_EXPERIMENTS\data\International_Education_Costs\MCAR\0.25\5\clean.csv,C:\Users\daisl\Documents\Tullio\PARALLEL\MISSDC_EXPERIMENTS\data\International_Education_Costs\MCAR\0.25\5\dirty.csv,C:\Users\daisl\Documents\Tullio\PARALLEL\MISSDC_EXPERIMENTS\data\International_Education_Costs\MCAR\0.25\5\dirty_imputed.csv,,
HYPERIMPUTE,2026-06-11T11:54:26,ok,International_Education_Costs,MCAR,12,0.3,1,0.0493,0.0493,0.0493,3264,0,,125.623,0.9746,C:\Users\daisl\Documents\Tullio\PARALLEL\MISSDC_EXPERIMENTS\data\International_Education_Costs\MCAR\0.3\1\clean.csv,C:\Users\daisl\Documents\Tullio\PARALLEL\MISSDC_EXPERIMENTS\data\International_Education_Costs\MCAR\0.3\1\dirty.csv,C:\Users\daisl\Documents\Tullio\PARALLEL\MISSDC_EXPERIMENTS\data\International_Education_Costs\MCAR\0.3\1\dirty_imputed.csv,,
HYPERIMPUTE,2026-06-11T11:56:33,ok,International_Education_Costs,MCAR,12,0.3,2,0.0512,0.0512,0.0512,3264,0,,120.975,0.892,C:\Users\daisl\Documents\Tullio\PARALLEL\MISSDC_EXPERIMENTS\data\International_Education_Costs\MCAR\0.3\2\clean.csv,C:\Users\daisl\Documents\Tullio\PARALLEL\MISSDC_EXPERIMENTS\data\International_Education_Costs\MCAR\0.3\2\dirty.csv,C:\Users\daisl\Documents\Tullio\PARALLEL\MISSDC_EXPERIMENTS\data\International_Education_Costs\MCAR\0.3\2\dirty_imputed.csv,,
HYPERIMPUTE,2026-06-11T11:58:35,ok,International_Education_Costs,MCAR,12,0.3,3,0.0518,0.0518,0.0518,3264,0,,113.8175,0.9013,C:\Users\daisl\Documents\Tullio\PARALLEL\MISSDC_EXPERIMENTS\data\International_Education_Costs\MCAR\0.3\3\clean.csv,C:\Users\daisl\Documents\Tullio\PARALLEL\MISSDC_EXPERIMENTS\data\International_Education_Costs\MCAR\0.3\3\dirty.csv,C:\Users\daisl\Documents\Tullio\PARALLEL\MISSDC_EXPERIMENTS\data\International_Education_Costs\MCAR\0.3\3\dirty_imputed.csv,,
HYPERIMPUTE,2026-06-11T12:00:29,ok,International_Education_Costs,MCAR,12,0.3,4,0.049,0.049,0.049,3264,0,,112.9654,0.8247,C:\Users\daisl\Documents\Tullio\PARALLEL\MISSDC_EXPERIMENTS\data\International_Education_Costs\MCAR\0.3\4\clean.csv,C:\Users\daisl\Documents\Tullio\PARALLEL\MISSDC_EXPERIMENTS\data\International_Education_Costs\MCAR\0.3\4\dirty.csv,C:\Users\daisl\Documents\Tullio\PARALLEL\MISSDC_EXPERIMENTS\data\International_Education_Costs\MCAR\0.3\4\dirty_imputed.csv,,
HYPERIMPUTE,2026-06-11T12:02:23,ok,International_Education_Costs,MCAR,12,0.3,5,0.0496,0.0496,0.0496,3264,0,,116.0797,0.8358,C:\Users\daisl\Documents\Tullio\PARALLEL\MISSDC_EXPERIMENTS\data\International_Education_Costs\MCAR\0.3\5\clean.csv,C:\Users\daisl\Documents\Tullio\PARALLEL\MISSDC_EXPERIMENTS\data\International_Education_Costs\MCAR\0.3\5\dirty.csv,C:\Users\daisl\Documents\Tullio\PARALLEL\MISSDC_EXPERIMENTS\data\International_Education_Costs\MCAR\0.3\5\dirty_imputed.csv,,
HYPERIMPUTE,2026-06-11T12:04:20,ok,International_Education_Costs,MNAR,12,0.01,1,0.0,0.0,0.0,108,0,,153.2918,0.894,C:\Users\daisl\Documents\Tullio\PARALLEL\MISSDC_EXPERIMENTS\data\International_Education_Costs\MNAR\0.01\1\clean.csv,C:\Users\daisl\Documents\Tullio\PARALLEL\MISSDC_EXPERIMENTS\data\International_Education_Costs\MNAR\0.01\1\dirty.csv,C:\Users\daisl\Documents\Tullio\PARALLEL\MISSDC_EXPERIMENTS\data\International_Education_Costs\MNAR\0.01\1\dirty_imputed.csv,,
HYPERIMPUTE,2026-06-11T12:06:54,ok,International_Education_Costs,MNAR,12,0.01,2,0.0833,0.0833,0.0833,108,0,,236.1498,0.9343,C:\Users\daisl\Documents\Tullio\PARALLEL\MISSDC_EXPERIMENTS\data\International_Education_Costs\MNAR\0.01\2\clean.csv,C:\Users\daisl\Documents\Tullio\PARALLEL\MISSDC_EXPERIMENTS\data\International_Education_Costs\MNAR\0.01\2\dirty.csv,C:\Users\daisl\Documents\Tullio\PARALLEL\MISSDC_EXPERIMENTS\data\International_Education_Costs\MNAR\0.01\2\dirty_imputed.csv,,
HYPERIMPUTE,2026-06-11T12:10:51,ok,International_Education_Costs,MNAR,12,0.01,3,0.0,0.0,0.0,108,0,,175.257,0.9241,C:\Users\daisl\Documents\Tullio\PARALLEL\MISSDC_EXPERIMENTS\data\International_Education_Costs\MNAR\0.01\3\clean.csv,C:\Users\daisl\Documents\Tullio\PARALLEL\MISSDC_EXPERIMENTS\data\International_Education_Costs\MNAR\0.01\3\dirty.csv,C:\Users\daisl\Documents\Tullio\PARALLEL\MISSDC_EXPERIMENTS\data\International_Education_Costs\MNAR\0.01\3\dirty_imputed.csv,,
HYPERIMPUTE,2026-06-11T12:13:48,ok,International_Education_Costs,MNAR,12,0.01,4,0.0,0.0,0.0,108,0,,187.1819,0.9362,C:\Users\daisl\Documents\Tullio\PARALLEL\MISSDC_EXPERIMENTS\data\International_Education_Costs\MNAR\0.01\4\clean.csv,C:\Users\daisl\Documents\Tullio\PARALLEL\MISSDC_EXPERIMENTS\data\International_Education_Costs\MNAR\0.01\4\dirty.csv,C:\Users\daisl\Documents\Tullio\PARALLEL\MISSDC_EXPERIMENTS\data\International_Education_Costs\MNAR\0.01\4\dirty_imputed.csv,,
HYPERIMPUTE,2026-06-11T12:16:56,ok,International_Education_Costs,MNAR,12,0.01,5,0.0833,0.0833,0.0833,108,0,,189.8113,0.8883,C:\Users\daisl\Documents\Tullio\PARALLEL\MISSDC_EXPERIMENTS\data\International_Education_Costs\MNAR\0.01\5\clean.csv,C:\Users\daisl\Documents\Tullio\PARALLEL\MISSDC_EXPERIMENTS\data\International_Education_Costs\MNAR\0.01\5\dirty.csv,C:\Users\daisl\Documents\Tullio\PARALLEL\MISSDC_EXPERIMENTS\data\International_Education_Costs\MNAR\0.01\5\dirty_imputed.csv,,
HYPERIMPUTE,2026-06-11T12:20:07,ok,International_Education_Costs,MNAR,12,0.05,1,0.0,0.0,0.0,540,0,,154.0522,0.9387,C:\Users\daisl\Documents\Tullio\PARALLEL\MISSDC_EXPERIMENTS\data\International_Education_Costs\MNAR\0.05\1\clean.csv,C:\Users\daisl\Documents\Tullio\PARALLEL\MISSDC_EXPERIMENTS\data\International_Education_Costs\MNAR\0.05\1\dirty.csv,C:\Users\daisl\Documents\Tullio\PARALLEL\MISSDC_EXPERIMENTS\data\International_Education_Costs\MNAR\0.05\1\dirty_imputed.csv,,
HYPERIMPUTE,2026-06-11T12:22:42,ok,International_Education_Costs,MNAR,12,0.05,2,0.1667,0.1667,0.1667,540,0,,176.0788,0.9658,C:\Users\daisl\Documents\Tullio\PARALLEL\MISSDC_EXPERIMENTS\data\International_Education_Costs\MNAR\0.05\2\clean.csv,C:\Users\daisl\Documents\Tullio\PARALLEL\MISSDC_EXPERIMENTS\data\International_Education_Costs\MNAR\0.05\2\dirty.csv,C:\Users\daisl\Documents\Tullio\PARALLEL\MISSDC_EXPERIMENTS\data\International_Education_Costs\MNAR\0.05\2\dirty_imputed.csv,,
HYPERIMPUTE,2026-06-11T12:25:39,ok,International_Education_Costs,MNAR,12,0.05,3,0.0,0.0,0.0,540,0,,176.2709,0.9055,C:\Users\daisl\Documents\Tullio\PARALLEL\MISSDC_EXPERIMENTS\data\International_Education_Costs\MNAR\0.05\3\clean.csv,C:\Users\daisl\Documents\Tullio\PARALLEL\MISSDC_EXPERIMENTS\data\International_Education_Costs\MNAR\0.05\3\dirty.csv,C:\Users\daisl\Documents\Tullio\PARALLEL\MISSDC_EXPERIMENTS\data\International_Education_Costs\MNAR\0.05\3\dirty_imputed.csv,,
HYPERIMPUTE,2026-06-11T12:28:36,ok,International_Education_Costs,MNAR,12,0.05,4,0.1667,0.1667,0.1667,540,0,,143.7058,0.9692,C:\Users\daisl\Documents\Tullio\PARALLEL\MISSDC_EXPERIMENTS\data\International_Education_Costs\MNAR\0.05\4\clean.csv,C:\Users\daisl\Documents\Tullio\PARALLEL\MISSDC_EXPERIMENTS\data\International_Education_Costs\MNAR\0.05\4\dirty.csv,C:\Users\daisl\Documents\Tullio\PARALLEL\MISSDC_EXPERIMENTS\data\International_Education_Costs\MNAR\0.05\4\dirty_imputed.csv,,
HYPERIMPUTE,2026-06-11T12:31:00,ok,International_Education_Costs,MNAR,12,0.05,5,0.0833,0.0833,0.0833,540,0,,163.5586,0.8826,C:\Users\daisl\Documents\Tullio\PARALLEL\MISSDC_EXPERIMENTS\data\International_Education_Costs\MNAR\0.05\5\clean.csv,C:\Users\daisl\Documents\Tullio\PARALLEL\MISSDC_EXPERIMENTS\data\International_Education_Costs\MNAR\0.05\5\dirty.csv,C:\Users\daisl\Documents\Tullio\PARALLEL\MISSDC_EXPERIMENTS\data\International_Education_Costs\MNAR\0.05\5\dirty_imputed.csv,,
HYPERIMPUTE,2026-06-11T12:33:45,ok,International_Education_Costs,MNAR,12,0.1,1,0.1204,0.1204,0.1204,1080,0,,147.4437,0.9762,C:\Users\daisl\Documents\Tullio\PARALLEL\MISSDC_EXPERIMENTS\data\International_Education_Costs\MNAR\0.1\1\clean.csv,C:\Users\daisl\Documents\Tullio\PARALLEL\MISSDC_EXPERIMENTS\data\International_Education_Costs\MNAR\0.1\1\dirty.csv,C:\Users\daisl\Documents\Tullio\PARALLEL\MISSDC_EXPERIMENTS\data\International_Education_Costs\MNAR\0.1\1\dirty_imputed.csv,,
HYPERIMPUTE,2026-06-11T12:36:13,ok,International_Education_Costs,MNAR,12,0.1,2,0.0,0.0,0.0,1080,0,,136.1113,0.9229,C:\Users\daisl\Documents\Tullio\PARALLEL\MISSDC_EXPERIMENTS\data\International_Education_Costs\MNAR\0.1\2\clean.csv,C:\Users\daisl\Documents\Tullio\PARALLEL\MISSDC_EXPERIMENTS\data\International_Education_Costs\MNAR\0.1\2\dirty.csv,C:\Users\daisl\Documents\Tullio\PARALLEL\MISSDC_EXPERIMENTS\data\International_Education_Costs\MNAR\0.1\2\dirty_imputed.csv,,
HYPERIMPUTE,2026-06-11T12:38:30,ok,International_Education_Costs,MNAR,12,0.1,3,0.0861,0.0861,0.0861,1080,0,,161.4782,0.9612,C:\Users\daisl\Documents\Tullio\PARALLEL\MISSDC_EXPERIMENTS\data\International_Education_Costs\MNAR\0.1\3\clean.csv,C:\Users\daisl\Documents\Tullio\PARALLEL\MISSDC_EXPERIMENTS\data\International_Education_Costs\MNAR\0.1\3\dirty.csv,C:\Users\daisl\Documents\Tullio\PARALLEL\MISSDC_EXPERIMENTS\data\International_Education_Costs\MNAR\0.1\3\dirty_imputed.csv,,
HYPERIMPUTE,2026-06-11T12:41:13,ok,International_Education_Costs,MNAR,12,0.1,4,0.1361,0.1361,0.1361,1080,0,,167.1688,0.9104,C:\Users\daisl\Documents\Tullio\PARALLEL\MISSDC_EXPERIMENTS\data\International_Education_Costs\MNAR\0.1\4\clean.csv,C:\Users\daisl\Documents\Tullio\PARALLEL\MISSDC_EXPERIMENTS\data\International_Education_Costs\MNAR\0.1\4\dirty.csv,C:\Users\daisl\Documents\Tullio\PARALLEL\MISSDC_EXPERIMENTS\data\International_Education_Costs\MNAR\0.1\4\dirty_imputed.csv,,
HYPERIMPUTE,2026-06-11T12:44:01,ok,International_Education_Costs,MNAR,12,0.1,5,0.0213,0.0213,0.0213,1080,0,,166.0073,0.9528,C:\Users\daisl\Documents\Tullio\PARALLEL\MISSDC_EXPERIMENTS\data\International_Education_Costs\MNAR\0.1\5\clean.csv,C:\Users\daisl\Documents\Tullio\PARALLEL\MISSDC_EXPERIMENTS\data\International_Education_Costs\MNAR\0.1\5\dirty.csv,C:\Users\daisl\Documents\Tullio\PARALLEL\MISSDC_EXPERIMENTS\data\International_Education_Costs\MNAR\0.1\5\dirty_imputed.csv,,
HYPERIMPUTE,2026-06-11T12:46:48,ok,International_Education_Costs,MNAR,12,0.15,1,0.0012,0.0012,0.0012,1632,0,,154.1471,1.0819,C:\Users\daisl\Documents\Tullio\PARALLEL\MISSDC_EXPERIMENTS\data\International_Education_Costs\MNAR\0.15\1\clean.csv,C:\Users\daisl\Documents\Tullio\PARALLEL\MISSDC_EXPERIMENTS\data\International_Education_Costs\MNAR\0.15\1\dirty.csv,C:\Users\daisl\Documents\Tullio\PARALLEL\MISSDC_EXPERIMENTS\data\International_Education_Costs\MNAR\0.15\1\dirty_imputed.csv,,
HYPERIMPUTE,2026-06-11T12:49:23,ok,International_Education_Costs,MNAR,12,0.15,2,0.0,0.0,0.0,1632,0,,144.6133,0.7936,C:\Users\daisl\Documents\Tullio\PARALLEL\MISSDC_EXPERIMENTS\data\International_Education_Costs\MNAR\0.15\2\clean.csv,C:\Users\daisl\Documents\Tullio\PARALLEL\MISSDC_EXPERIMENTS\data\International_Education_Costs\MNAR\0.15\2\dirty.csv,C:\Users\daisl\Documents\Tullio\PARALLEL\MISSDC_EXPERIMENTS\data\International_Education_Costs\MNAR\0.15\2\dirty_imputed.csv,,
HYPERIMPUTE,2026-06-11T12:51:49,ok,International_Education_Costs,MNAR,12,0.15,3,0.0,0.0,0.0,1632,0,,107.2589,1.3552,C:\Users\daisl\Documents\Tullio\PARALLEL\MISSDC_EXPERIMENTS\data\International_Education_Costs\MNAR\0.15\3\clean.csv,C:\Users\daisl\Documents\Tullio\PARALLEL\MISSDC_EXPERIMENTS\data\International_Education_Costs\MNAR\0.15\3\dirty.csv,C:\Users\daisl\Documents\Tullio\PARALLEL\MISSDC_EXPERIMENTS\data\International_Education_Costs\MNAR\0.15\3\dirty_imputed.csv,,
HYPERIMPUTE,2026-06-11T12:53:37,ok,International_Education_Costs,MNAR,12,0.15,4,0.0833,0.0833,0.0833,1632,0,,211.1078,0.856,C:\Users\daisl\Documents\Tullio\PARALLEL\MISSDC_EXPERIMENTS\data\International_Education_Costs\MNAR\0.15\4\clean.csv,C:\Users\daisl\Documents\Tullio\PARALLEL\MISSDC_EXPERIMENTS\data\International_Education_Costs\MNAR\0.15\4\dirty.csv,C:\Users\daisl\Documents\Tullio\PARALLEL\MISSDC_EXPERIMENTS\data\International_Education_Costs\MNAR\0.15\4\dirty_imputed.csv,,
HYPERIMPUTE,2026-06-11T12:57:09,ok,International_Education_Costs,MNAR,12,0.15,5,0.0,0.0,0.0,1632,0,,138.8388,0.9687,C:\Users\daisl\Documents\Tullio\PARALLEL\MISSDC_EXPERIMENTS\data\International_Education_Costs\MNAR\0.15\5\clean.csv,C:\Users\daisl\Documents\Tullio\PARALLEL\MISSDC_EXPERIMENTS\data\International_Education_Costs\MNAR\0.15\5\dirty.csv,C:\Users\daisl\Documents\Tullio\PARALLEL\MISSDC_EXPERIMENTS\data\International_Education_Costs\MNAR\0.15\5\dirty_imputed.csv,,
HYPERIMPUTE,2026-06-11T12:59:29,ok,International_Education_Costs,MNAR,12,0.2,1,0.0226,0.0226,0.0226,2172,0,,141.5327,0.951,C:\Users\daisl\Documents\Tullio\PARALLEL\MISSDC_EXPERIMENTS\data\International_Education_Costs\MNAR\0.2\1\clean.csv,C:\Users\daisl\Documents\Tullio\PARALLEL\MISSDC_EXPERIMENTS\data\International_Education_Costs\MNAR\0.2\1\dirty.csv,C:\Users\daisl\Documents\Tullio\PARALLEL\MISSDC_EXPERIMENTS\data\International_Education_Costs\MNAR\0.2\1\dirty_imputed.csv,,
HYPERIMPUTE,2026-06-11T13:01:52,ok,International_Education_Costs,MNAR,12,0.2,2,0.0437,0.0437,0.0437,2172,0,,134.9617,0.9755,C:\Users\daisl\Documents\Tullio\PARALLEL\MISSDC_EXPERIMENTS\data\International_Education_Costs\MNAR\0.2\2\clean.csv,C:\Users\daisl\Documents\Tullio\PARALLEL\MISSDC_EXPERIMENTS\data\International_Education_Costs\MNAR\0.2\2\dirty.csv,C:\Users\daisl\Documents\Tullio\PARALLEL\MISSDC_EXPERIMENTS\data\International_Education_Costs\MNAR\0.2\2\dirty_imputed.csv,,
HYPERIMPUTE,2026-06-11T13:04:07,ok,International_Education_Costs,MNAR,12,0.2,3,0.0,0.0,0.0,2172,0,,155.0713,0.9816,C:\Users\daisl\Documents\Tullio\PARALLEL\MISSDC_EXPERIMENTS\data\International_Education_Costs\MNAR\0.2\3\clean.csv,C:\Users\daisl\Documents\Tullio\PARALLEL\MISSDC_EXPERIMENTS\data\International_Education_Costs\MNAR\0.2\3\dirty.csv,C:\Users\daisl\Documents\Tullio\PARALLEL\MISSDC_EXPERIMENTS\data\International_Education_Costs\MNAR\0.2\3\dirty_imputed.csv,,
HYPERIMPUTE,2026-06-11T13:06:44,ok,International_Education_Costs,MNAR,12,0.2,4,0.0069,0.0069,0.0069,2172,0,,160.6306,0.9808,C:\Users\daisl\Documents\Tullio\PARALLEL\MISSDC_EXPERIMENTS\data\International_Education_Costs\MNAR\0.2\4\clean.csv,C:\Users\daisl\Documents\Tullio\PARALLEL\MISSDC_EXPERIMENTS\data\International_Education_Costs\MNAR\0.2\4\dirty.csv,C:\Users\daisl\Documents\Tullio\PARALLEL\MISSDC_EXPERIMENTS\data\International_Education_Costs\MNAR\0.2\4\dirty_imputed.csv,,
HYPERIMPUTE,2026-06-11T13:09:25,ok,International_Education_Costs,MNAR,12,0.2,5,0.047,0.047,0.047,2172,0,,145.2042,0.9495,C:\Users\daisl\Documents\Tullio\PARALLEL\MISSDC_EXPERIMENTS\data\International_Education_Costs\MNAR\0.2\5\clean.csv,C:\Users\daisl\Documents\Tullio\PARALLEL\MISSDC_EXPERIMENTS\data\International_Education_Costs\MNAR\0.2\5\dirty.csv,C:\Users\daisl\Documents\Tullio\PARALLEL\MISSDC_EXPERIMENTS\data\International_Education_Costs\MNAR\0.2\5\dirty_imputed.csv,,
HYPERIMPUTE,2026-06-11T13:11:51,ok,International_Education_Costs,MNAR,12,0.25,1,0.0177,0.0177,0.0177,2712,0,,170.0056,1.0122,C:\Users\daisl\Documents\Tullio\PARALLEL\MISSDC_EXPERIMENTS\data\International_Education_Costs\MNAR\0.25\1\clean.csv,C:\Users\daisl\Documents\Tullio\PARALLEL\MISSDC_EXPERIMENTS\data\International_Education_Costs\MNAR\0.25\1\dirty.csv,C:\Users\daisl\Documents\Tullio\PARALLEL\MISSDC_EXPERIMENTS\data\International_Education_Costs\MNAR\0.25\1\dirty_imputed.csv,,
HYPERIMPUTE,2026-06-11T13:14:42,ok,International_Education_Costs,MNAR,12,0.25,2,0.0129,0.0129,0.0129,2712,0,,164.1114,1.0113,C:\Users\daisl\Documents\Tullio\PARALLEL\MISSDC_EXPERIMENTS\data\International_Education_Costs\MNAR\0.25\2\clean.csv,C:\Users\daisl\Documents\Tullio\PARALLEL\MISSDC_EXPERIMENTS\data\International_Education_Costs\MNAR\0.25\2\dirty.csv,C:\Users\daisl\Documents\Tullio\PARALLEL\MISSDC_EXPERIMENTS\data\International_Education_Costs\MNAR\0.25\2\dirty_imputed.csv,,
HYPERIMPUTE,2026-06-11T13:17:28,ok,International_Education_Costs,MNAR,12,0.25,3,0.0597,0.0597,0.0597,2712,0,,127.3595,1.0253,C:\Users\daisl\Documents\Tullio\PARALLEL\MISSDC_EXPERIMENTS\data\International_Education_Costs\MNAR\0.25\3\clean.csv,C:\Users\daisl\Documents\Tullio\PARALLEL\MISSDC_EXPERIMENTS\data\International_Education_Costs\MNAR\0.25\3\dirty.csv,C:\Users\daisl\Documents\Tullio\PARALLEL\MISSDC_EXPERIMENTS\data\International_Education_Costs\MNAR\0.25\3\dirty_imputed.csv,,
HYPERIMPUTE,2026-06-11T13:19:36,ok,International_Education_Costs,MNAR,12,0.25,4,0.021,0.021,0.021,2712,0,,157.9951,0.9661,C:\Users\daisl\Documents\Tullio\PARALLEL\MISSDC_EXPERIMENTS\data\International_Education_Costs\MNAR\0.25\4\clean.csv,C:\Users\daisl\Documents\Tullio\PARALLEL\MISSDC_EXPERIMENTS\data\International_Education_Costs\MNAR\0.25\4\dirty.csv,C:\Users\daisl\Documents\Tullio\PARALLEL\MISSDC_EXPERIMENTS\data\International_Education_Costs\MNAR\0.25\4\dirty_imputed.csv,,
HYPERIMPUTE,2026-06-11T13:22:15,ok,International_Education_Costs,MNAR,12,0.25,5,0.0004,0.0004,0.0004,2712,0,,162.7857,1.0151,C:\Users\daisl\Documents\Tullio\PARALLEL\MISSDC_EXPERIMENTS\data\International_Education_Costs\MNAR\0.25\5\clean.csv,C:\Users\daisl\Documents\Tullio\PARALLEL\MISSDC_EXPERIMENTS\data\International_Education_Costs\MNAR\0.25\5\dirty.csv,C:\Users\daisl\Documents\Tullio\PARALLEL\MISSDC_EXPERIMENTS\data\International_Education_Costs\MNAR\0.25\5\dirty_imputed.csv,,
HYPERIMPUTE,2026-06-11T13:24:59,ok,International_Education_Costs,MNAR,12,0.3,1,0.0441,0.0441,0.0441,3264,0,,181.0186,1.0327,C:\Users\daisl\Documents\Tullio\PARALLEL\MISSDC_EXPERIMENTS\data\International_Education_Costs\MNAR\0.3\1\clean.csv,C:\Users\daisl\Documents\Tullio\PARALLEL\MISSDC_EXPERIMENTS\data\International_Education_Costs\MNAR\0.3\1\dirty.csv,C:\Users\daisl\Documents\Tullio\PARALLEL\MISSDC_EXPERIMENTS\data\International_Education_Costs\MNAR\0.3\1\dirty_imputed.csv,,
HYPERIMPUTE,2026-06-11T13:28:01,ok,International_Education_Costs,MNAR,12,0.3,2,0.0276,0.0276,0.0276,3264,0,,128.8993,1.0675,C:\Users\daisl\Documents\Tullio\PARALLEL\MISSDC_EXPERIMENTS\data\International_Education_Costs\MNAR\0.3\2\clean.csv,C:\Users\daisl\Documents\Tullio\PARALLEL\MISSDC_EXPERIMENTS\data\International_Education_Costs\MNAR\0.3\2\dirty.csv,C:\Users\daisl\Documents\Tullio\PARALLEL\MISSDC_EXPERIMENTS\data\International_Education_Costs\MNAR\0.3\2\dirty_imputed.csv,,
HYPERIMPUTE,2026-06-11T13:30:11,ok,International_Education_Costs,MNAR,12,0.3,3,0.0,0.0,0.0,3264,0,,142.161,1.0253,C:\Users\daisl\Documents\Tullio\PARALLEL\MISSDC_EXPERIMENTS\data\International_Education_Costs\MNAR\0.3\3\clean.csv,C:\Users\daisl\Documents\Tullio\PARALLEL\MISSDC_EXPERIMENTS\data\International_Education_Costs\MNAR\0.3\3\dirty.csv,C:\Users\daisl\Documents\Tullio\PARALLEL\MISSDC_EXPERIMENTS\data\International_Education_Costs\MNAR\0.3\3\dirty_imputed.csv,,
HYPERIMPUTE,2026-06-11T13:32:34,ok,International_Education_Costs,MNAR,12,0.3,4,0.0153,0.0153,0.0153,3264,0,,139.2529,1.0192,C:\Users\daisl\Documents\Tullio\PARALLEL\MISSDC_EXPERIMENTS\data\International_Education_Costs\MNAR\0.3\4\clean.csv,C:\Users\daisl\Documents\Tullio\PARALLEL\MISSDC_EXPERIMENTS\data\International_Education_Costs\MNAR\0.3\4\dirty.csv,C:\Users\daisl\Documents\Tullio\PARALLEL\MISSDC_EXPERIMENTS\data\International_Education_Costs\MNAR\0.3\4\dirty_imputed.csv,,
HYPERIMPUTE,2026-06-11T13:34:54,ok,International_Education_Costs,MNAR,12,0.3,5,0.0061,0.0061,0.0061,3264,0,,149.3956,1.0115,C:\Users\daisl\Documents\Tullio\PARALLEL\MISSDC_EXPERIMENTS\data\International_Education_Costs\MNAR\0.3\5\clean.csv,C:\Users\daisl\Documents\Tullio\PARALLEL\MISSDC_EXPERIMENTS\data\International_Education_Costs\MNAR\0.3\5\dirty.csv,C:\Users\daisl\Documents\Tullio\PARALLEL\MISSDC_EXPERIMENTS\data\International_Education_Costs\MNAR\0.3\5\dirty_imputed.csv,,
HYPERIMPUTE,2026-06-08T22:09:12,ok,adult,MAR,14,0.01,1,0.2236,0.2236,0.2236,1400,0,,469.2063,0.8733,C:\Users\daisl\Documents\Tullio\PARALLEL\MISSDC_EXPERIMENTS\data\adult\MAR\0.01\1\clean.csv,C:\Users\daisl\Documents\Tullio\PARALLEL\MISSDC_EXPERIMENTS\data\adult\MAR\0.01\1\dirty.csv,C:\Users\daisl\Documents\Tullio\PARALLEL\MISSDC_EXPERIMENTS\data\adult\MAR\0.01\1\dirty_imputed.csv,,
HYPERIMPUTE,2026-06-08T22:17:02,ok,adult,MAR,14,0.01,2,0.2207,0.2207,0.2207,1400,0,,483.6255,0.8489,C:\Users\daisl\Documents\Tullio\PARALLEL\MISSDC_EXPERIMENTS\data\adult\MAR\0.01\2\clean.csv,C:\Users\daisl\Documents\Tullio\PARALLEL\MISSDC_EXPERIMENTS\data\adult\MAR\0.01\2\dirty.csv,C:\Users\daisl\Documents\Tullio\PARALLEL\MISSDC_EXPERIMENTS\data\adult\MAR\0.01\2\dirty_imputed.csv,,
HYPERIMPUTE,2026-06-08T22:25:06,ok,adult,MAR,14,0.01,3,0.2007,0.2007,0.2007,1400,0,,459.2721,0.8226,C:\Users\daisl\Documents\Tullio\PARALLEL\MISSDC_EXPERIMENTS\data\adult\MAR\0.01\3\clean.csv,C:\Users\daisl\Documents\Tullio\PARALLEL\MISSDC_EXPERIMENTS\data\adult\MAR\0.01\3\dirty.csv,C:\Users\daisl\Documents\Tullio\PARALLEL\MISSDC_EXPERIMENTS\data\adult\MAR\0.01\3\dirty_imputed.csv,,
HYPERIMPUTE,2026-06-08T22:32:46,ok,adult,MAR,14,0.01,4,0.19,0.19,0.19,1400,0,,757.3416,0.8309,C:\Users\daisl\Documents\Tullio\PARALLEL\MISSDC_EXPERIMENTS\data\adult\MAR\0.01\4\clean.csv,C:\Users\daisl\Documents\Tullio\PARALLEL\MISSDC_EXPERIMENTS\data\adult\MAR\0.01\4\dirty.csv,C:\Users\daisl\Documents\Tullio\PARALLEL\MISSDC_EXPERIMENTS\data\adult\MAR\0.01\4\dirty_imputed.csv,,
HYPERIMPUTE,2026-06-08T22:45:25,ok,adult,MAR,14,0.01,5,0.2143,0.2143,0.2143,1400,0,,458.6667,0.8132,C:\Users\daisl\Documents\Tullio\PARALLEL\MISSDC_EXPERIMENTS\data\adult\MAR\0.01\5\clean.csv,C:\Users\daisl\Documents\Tullio\PARALLEL\MISSDC_EXPERIMENTS\data\adult\MAR\0.01\5\dirty.csv,C:\Users\daisl\Documents\Tullio\PARALLEL\MISSDC_EXPERIMENTS\data\adult\MAR\0.01\5\dirty_imputed.csv,,
HYPERIMPUTE,2026-06-08T22:53:04,ok,adult,MAR,14,0.05,1,0.1666,0.1666,0.1666,7000,0,,574.0587,0.9546,C:\Users\daisl\Documents\Tullio\PARALLEL\MISSDC_EXPERIMENTS\data\adult\MAR\0.05\1\clean.csv,C:\Users\daisl\Documents\Tullio\PARALLEL\MISSDC_EXPERIMENTS\data\adult\MAR\0.05\1\dirty.csv,C:\Users\daisl\Documents\Tullio\PARALLEL\MISSDC_EXPERIMENTS\data\adult\MAR\0.05\1\dirty_imputed.csv,,
HYPERIMPUTE,2026-06-08T23:02:39,ok,adult,MAR,14,0.05,2,0.2019,0.2019,0.2019,7000,0,,451.8005,1.0698,C:\Users\daisl\Documents\Tullio\PARALLEL\MISSDC_EXPERIMENTS\data\adult\MAR\0.05\2\clean.csv,C:\Users\daisl\Documents\Tullio\PARALLEL\MISSDC_EXPERIMENTS\data\adult\MAR\0.05\2\dirty.csv,C:\Users\daisl\Documents\Tullio\PARALLEL\MISSDC_EXPERIMENTS\data\adult\MAR\0.05\2\dirty_imputed.csv,,
HYPERIMPUTE,2026-06-08T23:10:12,ok,adult,MAR,14,0.05,3,0.2186,0.2186,0.2186,7000,0,,500.4903,0.9388,C:\Users\daisl\Documents\Tullio\PARALLEL\MISSDC_EXPERIMENTS\data\adult\MAR\0.05\3\clean.csv,C:\Users\daisl\Documents\Tullio\PARALLEL\MISSDC_EXPERIMENTS\data\adult\MAR\0.05\3\dirty.csv,C:\Users\daisl\Documents\Tullio\PARALLEL\MISSDC_EXPERIMENTS\data\adult\MAR\0.05\3\dirty_imputed.csv,,
HYPERIMPUTE,2026-06-08T23:18:34,ok,adult,MAR,14,0.05,4,0.1781,0.1781,0.1781,7000,0,,497.3724,0.9484,C:\Users\daisl\Documents\Tullio\PARALLEL\MISSDC_EXPERIMENTS\data\adult\MAR\0.05\4\clean.csv,C:\Users\daisl\Documents\Tullio\PARALLEL\MISSDC_EXPERIMENTS\data\adult\MAR\0.05\4\dirty.csv,C:\Users\daisl\Documents\Tullio\PARALLEL\MISSDC_EXPERIMENTS\data\adult\MAR\0.05\4\dirty_imputed.csv,,
HYPERIMPUTE,2026-06-08T23:26:52,ok,adult,MAR,14,0.05,5,0.218,0.218,0.218,7000,0,,492.2168,0.9336,C:\Users\daisl\Documents\Tullio\PARALLEL\MISSDC_EXPERIMENTS\data\adult\MAR\0.05\5\clean.csv,C:\Users\daisl\Documents\Tullio\PARALLEL\MISSDC_EXPERIMENTS\data\adult\MAR\0.05\5\dirty.csv,C:\Users\daisl\Documents\Tullio\PARALLEL\MISSDC_EXPERIMENTS\data\adult\MAR\0.05\5\dirty_imputed.csv,,
HYPERIMPUTE,2026-06-08T23:35:05,ok,adult,MAR,14,0.1,1,0.2199,0.2199,0.2199,14000,0,,521.3487,1.097,C:\Users\daisl\Documents\Tullio\PARALLEL\MISSDC_EXPERIMENTS\data\adult\MAR\0.1\1\clean.csv,C:\Users\daisl\Documents\Tullio\PARALLEL\MISSDC_EXPERIMENTS\data\adult\MAR\0.1\1\dirty.csv,C:\Users\daisl\Documents\Tullio\PARALLEL\MISSDC_EXPERIMENTS\data\adult\MAR\0.1\1\dirty_imputed.csv,,
HYPERIMPUTE,2026-06-08T23:43:48,ok,adult,MAR,14,0.1,2,0.2168,0.2168,0.2168,14000,0,,486.0919,1.081,C:\Users\daisl\Documents\Tullio\PARALLEL\MISSDC_EXPERIMENTS\data\adult\MAR\0.1\2\clean.csv,C:\Users\daisl\Documents\Tullio\PARALLEL\MISSDC_EXPERIMENTS\data\adult\MAR\0.1\2\dirty.csv,C:\Users\daisl\Documents\Tullio\PARALLEL\MISSDC_EXPERIMENTS\data\adult\MAR\0.1\2\dirty_imputed.csv,,
HYPERIMPUTE,2026-06-08T23:51:55,ok,adult,MAR,14,0.1,3,0.2121,0.2121,0.2121,14000,0,,587.5416,1.2177,C:\Users\daisl\Documents\Tullio\PARALLEL\MISSDC_EXPERIMENTS\data\adult\MAR\0.1\3\clean.csv,C:\Users\daisl\Documents\Tullio\PARALLEL\MISSDC_EXPERIMENTS\data\adult\MAR\0.1\3\dirty.csv,C:\Users\daisl\Documents\Tullio\PARALLEL\MISSDC_EXPERIMENTS\data\adult\MAR\0.1\3\dirty_imputed.csv,,
HYPERIMPUTE,2026-06-09T00:01:44,ok,adult,MAR,14,0.1,4,0.1976,0.1976,0.1976,14000,0,,547.8383,1.176,C:\Users\daisl\Documents\Tullio\PARALLEL\MISSDC_EXPERIMENTS\data\adult\MAR\0.1\4\clean.csv,C:\Users\daisl\Documents\Tullio\PARALLEL\MISSDC_EXPERIMENTS\data\adult\MAR\0.1\4\dirty.csv,C:\Users\daisl\Documents\Tullio\PARALLEL\MISSDC_EXPERIMENTS\data\adult\MAR\0.1\4\dirty_imputed.csv,,
HYPERIMPUTE,2026-06-09T00:10:53,ok,adult,MAR,14,0.1,5,0.1814,0.1814,0.1814,14000,0,,482.8849,1.0966,C:\Users\daisl\Documents\Tullio\PARALLEL\MISSDC_EXPERIMENTS\data\adult\MAR\0.1\5\clean.csv,C:\Users\daisl\Documents\Tullio\PARALLEL\MISSDC_EXPERIMENTS\data\adult\MAR\0.1\5\dirty.csv,C:\Users\daisl\Documents\Tullio\PARALLEL\MISSDC_EXPERIMENTS\data\adult\MAR\0.1\5\dirty_imputed.csv,,
HYPERIMPUTE,2026-06-09T00:18:57,ok,adult,MAR,14,0.15,1,0.1626,0.1626,0.1626,21000,0,,534.0072,1.2146,C:\Users\daisl\Documents\Tullio\PARALLEL\MISSDC_EXPERIMENTS\data\adult\MAR\0.15\1\clean.csv,C:\Users\daisl\Documents\Tullio\PARALLEL\MISSDC_EXPERIMENTS\data\adult\MAR\0.15\1\dirty.csv,C:\Users\daisl\Documents\Tullio\PARALLEL\MISSDC_EXPERIMENTS\data\adult\MAR\0.15\1\dirty_imputed.csv,,
HYPERIMPUTE,2026-06-09T00:27:52,ok,adult,MAR,14,0.15,2,0.1947,0.1947,0.1947,21000,0,,495.4122,1.2533,C:\Users\daisl\Documents\Tullio\PARALLEL\MISSDC_EXPERIMENTS\data\adult\MAR\0.15\2\clean.csv,C:\Users\daisl\Documents\Tullio\PARALLEL\MISSDC_EXPERIMENTS\data\adult\MAR\0.15\2\dirty.csv,C:\Users\daisl\Documents\Tullio\PARALLEL\MISSDC_EXPERIMENTS\data\adult\MAR\0.15\2\dirty_imputed.csv,,
HYPERIMPUTE,2026-06-09T00:36:09,ok,adult,MAR,14,0.15,3,0.2202,0.2202,0.2202,21000,0,,446.4292,1.2238,C:\Users\daisl\Documents\Tullio\PARALLEL\MISSDC_EXPERIMENTS\data\adult\MAR\0.15\3\clean.csv,C:\Users\daisl\Documents\Tullio\PARALLEL\MISSDC_EXPERIMENTS\data\adult\MAR\0.15\3\dirty.csv,C:\Users\daisl\Documents\Tullio\PARALLEL\MISSDC_EXPERIMENTS\data\adult\MAR\0.15\3\dirty_imputed.csv,,
HYPERIMPUTE,2026-06-09T00:43:36,ok,adult,MAR,14,0.15,4,0.2006,0.2006,0.2006,21000,0,,418.3766,1.2092,C:\Users\daisl\Documents\Tullio\PARALLEL\MISSDC_EXPERIMENTS\data\adult\MAR\0.15\4\clean.csv,C:\Users\daisl\Documents\Tullio\PARALLEL\MISSDC_EXPERIMENTS\data\adult\MAR\0.15\4\dirty.csv,C:\Users\daisl\Documents\Tullio\PARALLEL\MISSDC_EXPERIMENTS\data\adult\MAR\0.15\4\dirty_imputed.csv,,
HYPERIMPUTE,2026-06-09T00:50:36,ok,adult,MAR,14,0.15,5,0.2143,0.2143,0.2143,21000,0,,505.0715,1.2427,C:\Users\daisl\Documents\Tullio\PARALLEL\MISSDC_EXPERIMENTS\data\adult\MAR\0.15\5\clean.csv,C:\Users\daisl\Documents\Tullio\PARALLEL\MISSDC_EXPERIMENTS\data\adult\MAR\0.15\5\dirty.csv,C:\Users\daisl\Documents\Tullio\PARALLEL\MISSDC_EXPERIMENTS\data\adult\MAR\0.15\5\dirty_imputed.csv,,
HYPERIMPUTE,2026-06-09T00:59:02,ok,adult,MAR,14,0.2,1,0.1627,0.1627,0.1627,28000,0,,647.9312,1.3966,C:\Users\daisl\Documents\Tullio\PARALLEL\MISSDC_EXPERIMENTS\data\adult\MAR\0.2\1\clean.csv,C:\Users\daisl\Documents\Tullio\PARALLEL\MISSDC_EXPERIMENTS\data\adult\MAR\0.2\1\dirty.csv,C:\Users\daisl\Documents\Tullio\PARALLEL\MISSDC_EXPERIMENTS\data\adult\MAR\0.2\1\dirty_imputed.csv,,
HYPERIMPUTE,2026-06-09T01:09:52,ok,adult,MAR,14,0.2,2,0.2161,0.2161,0.2161,28000,0,,545.9245,1.395,C:\Users\daisl\Documents\Tullio\PARALLEL\MISSDC_EXPERIMENTS\data\adult\MAR\0.2\2\clean.csv,C:\Users\daisl\Documents\Tullio\PARALLEL\MISSDC_EXPERIMENTS\data\adult\MAR\0.2\2\dirty.csv,C:\Users\daisl\Documents\Tullio\PARALLEL\MISSDC_EXPERIMENTS\data\adult\MAR\0.2\2\dirty_imputed.csv,,
HYPERIMPUTE,2026-06-09T01:18:59,ok,adult,MAR,14,0.2,3,0.2155,0.2155,0.2155,28000,0,,583.458,1.3604,C:\Users\daisl\Documents\Tullio\PARALLEL\MISSDC_EXPERIMENTS\data\adult\MAR\0.2\3\clean.csv,C:\Users\daisl\Documents\Tullio\PARALLEL\MISSDC_EXPERIMENTS\data\adult\MAR\0.2\3\dirty.csv,C:\Users\daisl\Documents\Tullio\PARALLEL\MISSDC_EXPERIMENTS\data\adult\MAR\0.2\3\dirty_imputed.csv,,
HYPERIMPUTE,2026-06-09T01:28:44,ok,adult,MAR,14,0.2,4,0.2109,0.2109,0.2109,28000,0,,496.6452,1.3618,C:\Users\daisl\Documents\Tullio\PARALLEL\MISSDC_EXPERIMENTS\data\adult\MAR\0.2\4\clean.csv,C:\Users\daisl\Documents\Tullio\PARALLEL\MISSDC_EXPERIMENTS\data\adult\MAR\0.2\4\dirty.csv,C:\Users\daisl\Documents\Tullio\PARALLEL\MISSDC_EXPERIMENTS\data\adult\MAR\0.2\4\dirty_imputed.csv,,
HYPERIMPUTE,2026-06-09T01:37:02,ok,adult,MAR,14,0.2,5,0.217,0.217,0.217,28000,0,,476.4008,1.3646,C:\Users\daisl\Documents\Tullio\PARALLEL\MISSDC_EXPERIMENTS\data\adult\MAR\0.2\5\clean.csv,C:\Users\daisl\Documents\Tullio\PARALLEL\MISSDC_EXPERIMENTS\data\adult\MAR\0.2\5\dirty.csv,C:\Users\daisl\Documents\Tullio\PARALLEL\MISSDC_EXPERIMENTS\data\adult\MAR\0.2\5\dirty_imputed.csv,,
HYPERIMPUTE,2026-06-09T01:45:00,ok,adult,MAR,14,0.25,1,0.1858,0.1858,0.1858,35000,0,,282.4574,1.4995,C:\Users\daisl\Documents\Tullio\PARALLEL\MISSDC_EXPERIMENTS\data\adult\MAR\0.25\1\clean.csv,C:\Users\daisl\Documents\Tullio\PARALLEL\MISSDC_EXPERIMENTS\data\adult\MAR\0.25\1\dirty.csv,C:\Users\daisl\Documents\Tullio\PARALLEL\MISSDC_EXPERIMENTS\data\adult\MAR\0.25\1\dirty_imputed.csv,,
HYPERIMPUTE,2026-06-09T01:49:44,ok,adult,MAR,14,0.25,2,0.2124,0.2124,0.2124,35000,0,,500.3913,1.507,C:\Users\daisl\Documents\Tullio\PARALLEL\MISSDC_EXPERIMENTS\data\adult\MAR\0.25\2\clean.csv,C:\Users\daisl\Documents\Tullio\PARALLEL\MISSDC_EXPERIMENTS\data\adult\MAR\0.25\2\dirty.csv,C:\Users\daisl\Documents\Tullio\PARALLEL\MISSDC_EXPERIMENTS\data\adult\MAR\0.25\2\dirty_imputed.csv,,
HYPERIMPUTE,2026-06-09T01:58:05,ok,adult,MAR,14,0.25,3,0.1627,0.1627,0.1627,35000,0,,391.8357,1.5052,C:\Users\daisl\Documents\Tullio\PARALLEL\MISSDC_EXPERIMENTS\data\adult\MAR\0.25\3\clean.csv,C:\Users\daisl\Documents\Tullio\PARALLEL\MISSDC_EXPERIMENTS\data\adult\MAR\0.25\3\dirty.csv,C:\Users\daisl\Documents\Tullio\PARALLEL\MISSDC_EXPERIMENTS\data\adult\MAR\0.25\3\dirty_imputed.csv,,
HYPERIMPUTE,2026-06-09T02:04:39,ok,adult,MAR,14,0.25,4,0.2099,0.2099,0.2099,35000,0,,474.7911,1.4845,C:\Users\daisl\Documents\Tullio\PARALLEL\MISSDC_EXPERIMENTS\data\adult\MAR\0.25\4\clean.csv,C:\Users\daisl\Documents\Tullio\PARALLEL\MISSDC_EXPERIMENTS\data\adult\MAR\0.25\4\dirty.csv,C:\Users\daisl\Documents\Tullio\PARALLEL\MISSDC_EXPERIMENTS\data\adult\MAR\0.25\4\dirty_imputed.csv,,
HYPERIMPUTE,2026-06-09T02:12:35,ok,adult,MAR,14,0.25,5,0.2059,0.2059,0.2059,35000,0,,503.2717,1.5838,C:\Users\daisl\Documents\Tullio\PARALLEL\MISSDC_EXPERIMENTS\data\adult\MAR\0.25\5\clean.csv,C:\Users\daisl\Documents\Tullio\PARALLEL\MISSDC_EXPERIMENTS\data\adult\MAR\0.25\5\dirty.csv,C:\Users\daisl\Documents\Tullio\PARALLEL\MISSDC_EXPERIMENTS\data\adult\MAR\0.25\5\dirty_imputed.csv,,
HYPERIMPUTE,2026-06-09T02:21:00,ok,adult,MAR,14,0.3,1,0.2038,0.2038,0.2038,42000,0,,636.4801,1.6012,C:\Users\daisl\Documents\Tullio\PARALLEL\MISSDC_EXPERIMENTS\data\adult\MAR\0.3\1\clean.csv,C:\Users\daisl\Documents\Tullio\PARALLEL\MISSDC_EXPERIMENTS\data\adult\MAR\0.3\1\dirty.csv,C:\Users\daisl\Documents\Tullio\PARALLEL\MISSDC_EXPERIMENTS\data\adult\MAR\0.3\1\dirty_imputed.csv,,
HYPERIMPUTE,2026-06-09T02:31:38,ok,adult,MAR,14,0.3,2,0.1798,0.1798,0.1798,42000,0,,347.1368,1.6329,C:\Users\daisl\Documents\Tullio\PARALLEL\MISSDC_EXPERIMENTS\data\adult\MAR\0.3\2\clean.csv,C:\Users\daisl\Documents\Tullio\PARALLEL\MISSDC_EXPERIMENTS\data\adult\MAR\0.3\2\dirty.csv,C:\Users\daisl\Documents\Tullio\PARALLEL\MISSDC_EXPERIMENTS\data\adult\MAR\0.3\2\dirty_imputed.csv,,
HYPERIMPUTE,2026-06-09T02:37:27,ok,adult,MAR,14,0.3,3,0.1975,0.1975,0.1975,42000,0,,471.4222,1.5977,C:\Users\daisl\Documents\Tullio\PARALLEL\MISSDC_EXPERIMENTS\data\adult\MAR\0.3\3\clean.csv,C:\Users\daisl\Documents\Tullio\PARALLEL\MISSDC_EXPERIMENTS\data\adult\MAR\0.3\3\dirty.csv,C:\Users\daisl\Documents\Tullio\PARALLEL\MISSDC_EXPERIMENTS\data\adult\MAR\0.3\3\dirty_imputed.csv,,
HYPERIMPUTE,2026-06-09T02:45:20,ok,adult,MAR,14,0.3,4,0.172,0.172,0.172,42000,0,,560.5153,1.618,C:\Users\daisl\Documents\Tullio\PARALLEL\MISSDC_EXPERIMENTS\data\adult\MAR\0.3\4\clean.csv,C:\Users\daisl\Documents\Tullio\PARALLEL\MISSDC_EXPERIMENTS\data\adult\MAR\0.3\4\dirty.csv,C:\Users\daisl\Documents\Tullio\PARALLEL\MISSDC_EXPERIMENTS\data\adult\MAR\0.3\4\dirty_imputed.csv,,
HYPERIMPUTE,2026-06-09T02:54:42,ok,adult,MAR,14,0.3,5,0.2038,0.2038,0.2038,42000,0,,619.3075,1.6412,C:\Users\daisl\Documents\Tullio\PARALLEL\MISSDC_EXPERIMENTS\data\adult\MAR\0.3\5\clean.csv,C:\Users\daisl\Documents\Tullio\PARALLEL\MISSDC_EXPERIMENTS\data\adult\MAR\0.3\5\dirty.csv,C:\Users\daisl\Documents\Tullio\PARALLEL\MISSDC_EXPERIMENTS\data\adult\MAR\0.3\5\dirty_imputed.csv,,
HYPERIMPUTE,2026-06-09T03:05:03,ok,adult,MCAR,14,0.01,1,0.2064,0.2064,0.2064,1400,0,,508.3203,0.8551,C:\Users\daisl\Documents\Tullio\PARALLEL\MISSDC_EXPERIMENTS\data\adult\MCAR\0.01\1\clean.csv,C:\Users\daisl\Documents\Tullio\PARALLEL\MISSDC_EXPERIMENTS\data\adult\MCAR\0.01\1\dirty.csv,C:\Users\daisl\Documents\Tullio\PARALLEL\MISSDC_EXPERIMENTS\data\adult\MCAR\0.01\1\dirty_imputed.csv,,
HYPERIMPUTE,2026-06-09T03:13:32,ok,adult,MCAR,14,0.01,2,0.215,0.215,0.215,1400,0,,682.2481,0.9369,C:\Users\daisl\Documents\Tullio\PARALLEL\MISSDC_EXPERIMENTS\data\adult\MCAR\0.01\2\clean.csv,C:\Users\daisl\Documents\Tullio\PARALLEL\MISSDC_EXPERIMENTS\data\adult\MCAR\0.01\2\dirty.csv,C:\Users\daisl\Documents\Tullio\PARALLEL\MISSDC_EXPERIMENTS\data\adult\MCAR\0.01\2\dirty_imputed.csv,,
HYPERIMPUTE,2026-06-09T03:24:56,ok,adult,MCAR,14,0.01,3,0.2143,0.2143,0.2143,1400,0,,730.0508,0.8374,C:\Users\daisl\Documents\Tullio\PARALLEL\MISSDC_EXPERIMENTS\data\adult\MCAR\0.01\3\clean.csv,C:\Users\daisl\Documents\Tullio\PARALLEL\MISSDC_EXPERIMENTS\data\adult\MCAR\0.01\3\dirty.csv,C:\Users\daisl\Documents\Tullio\PARALLEL\MISSDC_EXPERIMENTS\data\adult\MCAR\0.01\3\dirty_imputed.csv,,
HYPERIMPUTE,2026-06-09T03:37:06,ok,adult,MCAR,14,0.01,4,0.2171,0.2171,0.2171,1400,0,,778.1777,0.8388,C:\Users\daisl\Documents\Tullio\PARALLEL\MISSDC_EXPERIMENTS\data\adult\MCAR\0.01\4\clean.csv,C:\Users\daisl\Documents\Tullio\PARALLEL\MISSDC_EXPERIMENTS\data\adult\MCAR\0.01\4\dirty.csv,C:\Users\daisl\Documents\Tullio\PARALLEL\MISSDC_EXPERIMENTS\data\adult\MCAR\0.01\4\dirty_imputed.csv,,
HYPERIMPUTE,2026-06-09T03:50:06,ok,adult,MCAR,14,0.01,5,0.22,0.22,0.22,1400,0,,544.9523,0.7866,C:\Users\daisl\Documents\Tullio\PARALLEL\MISSDC_EXPERIMENTS\data\adult\MCAR\0.01\5\clean.csv,C:\Users\daisl\Documents\Tullio\PARALLEL\MISSDC_EXPERIMENTS\data\adult\MCAR\0.01\5\dirty.csv,C:\Users\daisl\Documents\Tullio\PARALLEL\MISSDC_EXPERIMENTS\data\adult\MCAR\0.01\5\dirty_imputed.csv,,
HYPERIMPUTE,2026-06-09T03:59:11,ok,adult,MCAR,14,0.05,1,0.2131,0.2131,0.2131,7000,0,,496.4841,0.9617,C:\Users\daisl\Documents\Tullio\PARALLEL\MISSDC_EXPERIMENTS\data\adult\MCAR\0.05\1\clean.csv,C:\Users\daisl\Documents\Tullio\PARALLEL\MISSDC_EXPERIMENTS\data\adult\MCAR\0.05\1\dirty.csv,C:\Users\daisl\Documents\Tullio\PARALLEL\MISSDC_EXPERIMENTS\data\adult\MCAR\0.05\1\dirty_imputed.csv,,
HYPERIMPUTE,2026-06-09T04:07:29,ok,adult,MCAR,14,0.05,2,0.2119,0.2119,0.2119,7000,0,,503.5261,1.0465,C:\Users\daisl\Documents\Tullio\PARALLEL\MISSDC_EXPERIMENTS\data\adult\MCAR\0.05\2\clean.csv,C:\Users\daisl\Documents\Tullio\PARALLEL\MISSDC_EXPERIMENTS\data\adult\MCAR\0.05\2\dirty.csv,C:\Users\daisl\Documents\Tullio\PARALLEL\MISSDC_EXPERIMENTS\data\adult\MCAR\0.05\2\dirty_imputed.csv,,
HYPERIMPUTE,2026-06-09T04:15:53,ok,adult,MCAR,14,0.05,3,0.2119,0.2119,0.2119,7000,0,,510.0251,1.0556,C:\Users\daisl\Documents\Tullio\PARALLEL\MISSDC_EXPERIMENTS\data\adult\MCAR\0.05\3\clean.csv,C:\Users\daisl\Documents\Tullio\PARALLEL\MISSDC_EXPERIMENTS\data\adult\MCAR\0.05\3\dirty.csv,C:\Users\daisl\Documents\Tullio\PARALLEL\MISSDC_EXPERIMENTS\data\adult\MCAR\0.05\3\dirty_imputed.csv,,
HYPERIMPUTE,2026-06-09T04:24:24,ok,adult,MCAR,14,0.05,4,0.2086,0.2086,0.2086,7000,0,,523.4111,0.9595,C:\Users\daisl\Documents\Tullio\PARALLEL\MISSDC_EXPERIMENTS\data\adult\MCAR\0.05\4\clean.csv,C:\Users\daisl\Documents\Tullio\PARALLEL\MISSDC_EXPERIMENTS\data\adult\MCAR\0.05\4\dirty.csv,C:\Users\daisl\Documents\Tullio\PARALLEL\MISSDC_EXPERIMENTS\data\adult\MCAR\0.05\4\dirty_imputed.csv,,
HYPERIMPUTE,2026-06-09T04:33:09,ok,adult,MCAR,14,0.05,5,0.216,0.216,0.216,7000,0,,754.622,0.914,C:\Users\daisl\Documents\Tullio\PARALLEL\MISSDC_EXPERIMENTS\data\adult\MCAR\0.05\5\clean.csv,C:\Users\daisl\Documents\Tullio\PARALLEL\MISSDC_EXPERIMENTS\data\adult\MCAR\0.05\5\dirty.csv,C:\Users\daisl\Documents\Tullio\PARALLEL\MISSDC_EXPERIMENTS\data\adult\MCAR\0.05\5\dirty_imputed.csv,,
HYPERIMPUTE,2026-06-09T04:45:44,ok,adult,MCAR,14,0.1,1,0.2126,0.2126,0.2126,14000,0,,729.5985,1.0986,C:\Users\daisl\Documents\Tullio\PARALLEL\MISSDC_EXPERIMENTS\data\adult\MCAR\0.1\1\clean.csv,C:\Users\daisl\Documents\Tullio\PARALLEL\MISSDC_EXPERIMENTS\data\adult\MCAR\0.1\1\dirty.csv,C:\Users\daisl\Documents\Tullio\PARALLEL\MISSDC_EXPERIMENTS\data\adult\MCAR\0.1\1\dirty_imputed.csv,,
HYPERIMPUTE,2026-06-09T04:57:55,ok,adult,MCAR,14,0.1,2,0.2176,0.2176,0.2176,14000,0,,692.9959,1.1243,C:\Users\daisl\Documents\Tullio\PARALLEL\MISSDC_EXPERIMENTS\data\adult\MCAR\0.1\2\clean.csv,C:\Users\daisl\Documents\Tullio\PARALLEL\MISSDC_EXPERIMENTS\data\adult\MCAR\0.1\2\dirty.csv,C:\Users\daisl\Documents\Tullio\PARALLEL\MISSDC_EXPERIMENTS\data\adult\MCAR\0.1\2\dirty_imputed.csv,,
HYPERIMPUTE,2026-06-09T05:09:29,ok,adult,MCAR,14,0.1,3,0.2102,0.2102,0.2102,14000,0,,466.7004,1.207,C:\Users\daisl\Documents\Tullio\PARALLEL\MISSDC_EXPERIMENTS\data\adult\MCAR\0.1\3\clean.csv,C:\Users\daisl\Documents\Tullio\PARALLEL\MISSDC_EXPERIMENTS\data\adult\MCAR\0.1\3\dirty.csv,C:\Users\daisl\Documents\Tullio\PARALLEL\MISSDC_EXPERIMENTS\data\adult\MCAR\0.1\3\dirty_imputed.csv,,
HYPERIMPUTE,2026-06-09T05:17:17,ok,adult,MCAR,14,0.1,4,0.2154,0.2154,0.2154,14000,0,,682.356,1.0833,C:\Users\daisl\Documents\Tullio\PARALLEL\MISSDC_EXPERIMENTS\data\adult\MCAR\0.1\4\clean.csv,C:\Users\daisl\Documents\Tullio\PARALLEL\MISSDC_EXPERIMENTS\data\adult\MCAR\0.1\4\dirty.csv,C:\Users\daisl\Documents\Tullio\PARALLEL\MISSDC_EXPERIMENTS\data\adult\MCAR\0.1\4\dirty_imputed.csv,,
HYPERIMPUTE,2026-06-09T05:28:41,ok,adult,MCAR,14,0.1,5,0.2131,0.2131,0.2131,14000,0,,705.3291,1.0519,C:\Users\daisl\Documents\Tullio\PARALLEL\MISSDC_EXPERIMENTS\data\adult\MCAR\0.1\5\clean.csv,C:\Users\daisl\Documents\Tullio\PARALLEL\MISSDC_EXPERIMENTS\data\adult\MCAR\0.1\5\dirty.csv,C:\Users\daisl\Documents\Tullio\PARALLEL\MISSDC_EXPERIMENTS\data\adult\MCAR\0.1\5\dirty_imputed.csv,,
HYPERIMPUTE,2026-06-09T05:40:27,ok,adult,MCAR,14,0.15,1,0.2127,0.2127,0.2127,21000,0,,503.6591,1.1911,C:\Users\daisl\Documents\Tullio\PARALLEL\MISSDC_EXPERIMENTS\data\adult\MCAR\0.15\1\clean.csv,C:\Users\daisl\Documents\Tullio\PARALLEL\MISSDC_EXPERIMENTS\data\adult\MCAR\0.15\1\dirty.csv,C:\Users\daisl\Documents\Tullio\PARALLEL\MISSDC_EXPERIMENTS\data\adult\MCAR\0.15\1\dirty_imputed.csv,,
HYPERIMPUTE,2026-06-09T05:48:52,ok,adult,MCAR,14,0.15,2,0.2111,0.2111,0.2111,21000,0,,763.0008,1.2222,C:\Users\daisl\Documents\Tullio\PARALLEL\MISSDC_EXPERIMENTS\data\adult\MCAR\0.15\2\clean.csv,C:\Users\daisl\Documents\Tullio\PARALLEL\MISSDC_EXPERIMENTS\data\adult\MCAR\0.15\2\dirty.csv,C:\Users\daisl\Documents\Tullio\PARALLEL\MISSDC_EXPERIMENTS\data\adult\MCAR\0.15\2\dirty_imputed.csv,,
HYPERIMPUTE,2026-06-09T06:01:36,ok,adult,MCAR,14,0.15,3,0.2162,0.2162,0.2162,21000,0,,747.2434,1.2975,C:\Users\daisl\Documents\Tullio\PARALLEL\MISSDC_EXPERIMENTS\data\adult\MCAR\0.15\3\clean.csv,C:\Users\daisl\Documents\Tullio\PARALLEL\MISSDC_EXPERIMENTS\data\adult\MCAR\0.15\3\dirty.csv,C:\Users\daisl\Documents\Tullio\PARALLEL\MISSDC_EXPERIMENTS\data\adult\MCAR\0.15\3\dirty_imputed.csv,,
HYPERIMPUTE,2026-06-09T06:14:05,ok,adult,MCAR,14,0.15,4,0.2091,0.2091,0.2091,21000,0,,860.3845,1.2502,C:\Users\daisl\Documents\Tullio\PARALLEL\MISSDC_EXPERIMENTS\data\adult\MCAR\0.15\4\clean.csv,C:\Users\daisl\Documents\Tullio\PARALLEL\MISSDC_EXPERIMENTS\data\adult\MCAR\0.15\4\dirty.csv,C:\Users\daisl\Documents\Tullio\PARALLEL\MISSDC_EXPERIMENTS\data\adult\MCAR\0.15\4\dirty_imputed.csv,,
HYPERIMPUTE,2026-06-09T06:28:26,ok,adult,MCAR,14,0.15,5,0.2102,0.2102,0.2102,21000,0,,788.1598,1.2502,C:\Users\daisl\Documents\Tullio\PARALLEL\MISSDC_EXPERIMENTS\data\adult\MCAR\0.15\5\clean.csv,C:\Users\daisl\Documents\Tullio\PARALLEL\MISSDC_EXPERIMENTS\data\adult\MCAR\0.15\5\dirty.csv,C:\Users\daisl\Documents\Tullio\PARALLEL\MISSDC_EXPERIMENTS\data\adult\MCAR\0.15\5\dirty_imputed.csv,,
HYPERIMPUTE,2026-06-09T06:41:36,ok,adult,MCAR,14,0.2,1,0.2137,0.2137,0.2137,28000,0,,505.1302,1.3702,C:\Users\daisl\Documents\Tullio\PARALLEL\MISSDC_EXPERIMENTS\data\adult\MCAR\0.2\1\clean.csv,C:\Users\daisl\Documents\Tullio\PARALLEL\MISSDC_EXPERIMENTS\data\adult\MCAR\0.2\1\dirty.csv,C:\Users\daisl\Documents\Tullio\PARALLEL\MISSDC_EXPERIMENTS\data\adult\MCAR\0.2\1\dirty_imputed.csv,,
HYPERIMPUTE,2026-06-09T06:50:02,ok,adult,MCAR,14,0.2,2,0.2162,0.2162,0.2162,28000,0,,791.4299,1.3788,C:\Users\daisl\Documents\Tullio\PARALLEL\MISSDC_EXPERIMENTS\data\adult\MCAR\0.2\2\clean.csv,C:\Users\daisl\Documents\Tullio\PARALLEL\MISSDC_EXPERIMENTS\data\adult\MCAR\0.2\2\dirty.csv,C:\Users\daisl\Documents\Tullio\PARALLEL\MISSDC_EXPERIMENTS\data\adult\MCAR\0.2\2\dirty_imputed.csv,,
HYPERIMPUTE,2026-06-09T07:03:15,ok,adult,MCAR,14,0.2,3,0.2135,0.2135,0.2135,28000,0,,746.3641,1.4596,C:\Users\daisl\Documents\Tullio\PARALLEL\MISSDC_EXPERIMENTS\data\adult\MCAR\0.2\3\clean.csv,C:\Users\daisl\Documents\Tullio\PARALLEL\MISSDC_EXPERIMENTS\data\adult\MCAR\0.2\3\dirty.csv,C:\Users\daisl\Documents\Tullio\PARALLEL\MISSDC_EXPERIMENTS\data\adult\MCAR\0.2\3\dirty_imputed.csv,,
HYPERIMPUTE,2026-06-09T07:15:43,ok,adult,MCAR,14,0.2,4,0.2145,0.2145,0.2145,28000,0,,432.5432,1.3546,C:\Users\daisl\Documents\Tullio\PARALLEL\MISSDC_EXPERIMENTS\data\adult\MCAR\0.2\4\clean.csv,C:\Users\daisl\Documents\Tullio\PARALLEL\MISSDC_EXPERIMENTS\data\adult\MCAR\0.2\4\dirty.csv,C:\Users\daisl\Documents\Tullio\PARALLEL\MISSDC_EXPERIMENTS\data\adult\MCAR\0.2\4\dirty_imputed.csv,,
HYPERIMPUTE,2026-06-09T07:22:57,ok,adult,MCAR,14,0.2,5,0.2105,0.2105,0.2105,28000,0,,800.0498,1.4389,C:\Users\daisl\Documents\Tullio\PARALLEL\MISSDC_EXPERIMENTS\data\adult\MCAR\0.2\5\clean.csv,C:\Users\daisl\Documents\Tullio\PARALLEL\MISSDC_EXPERIMENTS\data\adult\MCAR\0.2\5\dirty.csv,C:\Users\daisl\Documents\Tullio\PARALLEL\MISSDC_EXPERIMENTS\data\adult\MCAR\0.2\5\dirty_imputed.csv,,
HYPERIMPUTE,2026-06-09T07:36:19,ok,adult,MCAR,14,0.25,1,0.2133,0.2133,0.2133,35000,0,,740.7674,1.4592,C:\Users\daisl\Documents\Tullio\PARALLEL\MISSDC_EXPERIMENTS\data\adult\MCAR\0.25\1\clean.csv,C:\Users\daisl\Documents\Tullio\PARALLEL\MISSDC_EXPERIMENTS\data\adult\MCAR\0.25\1\dirty.csv,C:\Users\daisl\Documents\Tullio\PARALLEL\MISSDC_EXPERIMENTS\data\adult\MCAR\0.25\1\dirty_imputed.csv,,
HYPERIMPUTE,2026-06-09T07:48:41,ok,adult,MCAR,14,0.25,2,0.2139,0.2139,0.2139,35000,0,,541.9472,1.5636,C:\Users\daisl\Documents\Tullio\PARALLEL\MISSDC_EXPERIMENTS\data\adult\MCAR\0.25\2\clean.csv,C:\Users\daisl\Documents\Tullio\PARALLEL\MISSDC_EXPERIMENTS\data\adult\MCAR\0.25\2\dirty.csv,C:\Users\daisl\Documents\Tullio\PARALLEL\MISSDC_EXPERIMENTS\data\adult\MCAR\0.25\2\dirty_imputed.csv,,
HYPERIMPUTE,2026-06-09T07:57:44,ok,adult,MCAR,14,0.25,3,0.1756,0.1756,0.1756,35000,0,,475.3255,1.4936,C:\Users\daisl\Documents\Tullio\PARALLEL\MISSDC_EXPERIMENTS\data\adult\MCAR\0.25\3\clean.csv,C:\Users\daisl\Documents\Tullio\PARALLEL\MISSDC_EXPERIMENTS\data\adult\MCAR\0.25\3\dirty.csv,C:\Users\daisl\Documents\Tullio\PARALLEL\MISSDC_EXPERIMENTS\data\adult\MCAR\0.25\3\dirty_imputed.csv,,
HYPERIMPUTE,2026-06-09T08:05:41,ok,adult,MCAR,14,0.25,4,0.1815,0.1815,0.1815,35000,0,,678.5009,1.5787,C:\Users\daisl\Documents\Tullio\PARALLEL\MISSDC_EXPERIMENTS\data\adult\MCAR\0.25\4\clean.csv,C:\Users\daisl\Documents\Tullio\PARALLEL\MISSDC_EXPERIMENTS\data\adult\MCAR\0.25\4\dirty.csv,C:\Users\daisl\Documents\Tullio\PARALLEL\MISSDC_EXPERIMENTS\data\adult\MCAR\0.25\4\dirty_imputed.csv,,
HYPERIMPUTE,2026-06-09T08:17:01,ok,adult,MCAR,14,0.25,5,0.2147,0.2147,0.2147,35000,0,,518.9337,1.4654,C:\Users\daisl\Documents\Tullio\PARALLEL\MISSDC_EXPERIMENTS\data\adult\MCAR\0.25\5\clean.csv,C:\Users\daisl\Documents\Tullio\PARALLEL\MISSDC_EXPERIMENTS\data\adult\MCAR\0.25\5\dirty.csv,C:\Users\daisl\Documents\Tullio\PARALLEL\MISSDC_EXPERIMENTS\data\adult\MCAR\0.25\5\dirty_imputed.csv,,
HYPERIMPUTE,2026-06-09T08:25:42,ok,adult,MCAR,14,0.3,1,0.1773,0.1773,0.1773,42000,0,,759.7839,1.6423,C:\Users\daisl\Documents\Tullio\PARALLEL\MISSDC_EXPERIMENTS\data\adult\MCAR\0.3\1\clean.csv,C:\Users\daisl\Documents\Tullio\PARALLEL\MISSDC_EXPERIMENTS\data\adult\MCAR\0.3\1\dirty.csv,C:\Users\daisl\Documents\Tullio\PARALLEL\MISSDC_EXPERIMENTS\data\adult\MCAR\0.3\1\dirty_imputed.csv,,
HYPERIMPUTE,2026-06-09T08:38:23,ok,adult,MCAR,14,0.3,2,0.2124,0.2124,0.2124,42000,0,,785.4731,1.6429,C:\Users\daisl\Documents\Tullio\PARALLEL\MISSDC_EXPERIMENTS\data\adult\MCAR\0.3\2\clean.csv,C:\Users\daisl\Documents\Tullio\PARALLEL\MISSDC_EXPERIMENTS\data\adult\MCAR\0.3\2\dirty.csv,C:\Users\daisl\Documents\Tullio\PARALLEL\MISSDC_EXPERIMENTS\data\adult\MCAR\0.3\2\dirty_imputed.csv,,
HYPERIMPUTE,2026-06-09T08:51:30,ok,adult,MCAR,14,0.3,3,0.2134,0.2134,0.2134,42000,0,,518.3848,1.6577,C:\Users\daisl\Documents\Tullio\PARALLEL\MISSDC_EXPERIMENTS\data\adult\MCAR\0.3\3\clean.csv,C:\Users\daisl\Documents\Tullio\PARALLEL\MISSDC_EXPERIMENTS\data\adult\MCAR\0.3\3\dirty.csv,C:\Users\daisl\Documents\Tullio\PARALLEL\MISSDC_EXPERIMENTS\data\adult\MCAR\0.3\3\dirty_imputed.csv,,
HYPERIMPUTE,2026-06-09T09:00:10,ok,adult,MCAR,14,0.3,4,0.2111,0.2111,0.2111,42000,0,,493.5197,1.6757,C:\Users\daisl\Documents\Tullio\PARALLEL\MISSDC_EXPERIMENTS\data\adult\MCAR\0.3\4\clean.csv,C:\Users\daisl\Documents\Tullio\PARALLEL\MISSDC_EXPERIMENTS\data\adult\MCAR\0.3\4\dirty.csv,C:\Users\daisl\Documents\Tullio\PARALLEL\MISSDC_EXPERIMENTS\data\adult\MCAR\0.3\4\dirty_imputed.csv,,
HYPERIMPUTE,2026-06-09T09:08:26,ok,adult,MCAR,14,0.3,5,0.2102,0.2102,0.2102,42000,0,,482.7092,1.6334,C:\Users\daisl\Documents\Tullio\PARALLEL\MISSDC_EXPERIMENTS\data\adult\MCAR\0.3\5\clean.csv,C:\Users\daisl\Documents\Tullio\PARALLEL\MISSDC_EXPERIMENTS\data\adult\MCAR\0.3\5\dirty.csv,C:\Users\daisl\Documents\Tullio\PARALLEL\MISSDC_EXPERIMENTS\data\adult\MCAR\0.3\5\dirty_imputed.csv,,
HYPERIMPUTE,2026-06-09T09:16:30,ok,adult,MNAR,14,0.01,1,0.1557,0.1557,0.1557,1400,0,,676.8156,0.8553,C:\Users\daisl\Documents\Tullio\PARALLEL\MISSDC_EXPERIMENTS\data\adult\MNAR\0.01\1\clean.csv,C:\Users\daisl\Documents\Tullio\PARALLEL\MISSDC_EXPERIMENTS\data\adult\MNAR\0.01\1\dirty.csv,C:\Users\daisl\Documents\Tullio\PARALLEL\MISSDC_EXPERIMENTS\data\adult\MNAR\0.01\1\dirty_imputed.csv,,
HYPERIMPUTE,2026-06-09T09:27:48,ok,adult,MNAR,14,0.01,2,0.1429,0.1429,0.1429,1400,0,,441.7326,0.8808,C:\Users\daisl\Documents\Tullio\PARALLEL\MISSDC_EXPERIMENTS\data\adult\MNAR\0.01\2\clean.csv,C:\Users\daisl\Documents\Tullio\PARALLEL\MISSDC_EXPERIMENTS\data\adult\MNAR\0.01\2\dirty.csv,C:\Users\daisl\Documents\Tullio\PARALLEL\MISSDC_EXPERIMENTS\data\adult\MNAR\0.01\2\dirty_imputed.csv,,
HYPERIMPUTE,2026-06-09T09:35:10,ok,adult,MNAR,14,0.01,3,0.0714,0.0714,0.0714,1400,0,,460.7836,0.8811,C:\Users\daisl\Documents\Tullio\PARALLEL\MISSDC_EXPERIMENTS\data\adult\MNAR\0.01\3\clean.csv,C:\Users\daisl\Documents\Tullio\PARALLEL\MISSDC_EXPERIMENTS\data\adult\MNAR\0.01\3\dirty.csv,C:\Users\daisl\Documents\Tullio\PARALLEL\MISSDC_EXPERIMENTS\data\adult\MNAR\0.01\3\dirty_imputed.csv,,
HYPERIMPUTE,2026-06-09T09:42:52,ok,adult,MNAR,14,0.01,4,0.2343,0.2343,0.2343,1400,0,,438.9667,0.9056,C:\Users\daisl\Documents\Tullio\PARALLEL\MISSDC_EXPERIMENTS\data\adult\MNAR\0.01\4\clean.csv,C:\Users\daisl\Documents\Tullio\PARALLEL\MISSDC_EXPERIMENTS\data\adult\MNAR\0.01\4\dirty.csv,C:\Users\daisl\Documents\Tullio\PARALLEL\MISSDC_EXPERIMENTS\data\adult\MNAR\0.01\4\dirty_imputed.csv,,
HYPERIMPUTE,2026-06-09T09:50:12,ok,adult,MNAR,14,0.01,5,0.1429,0.1429,0.1429,1400,0,,726.0336,0.8751,C:\Users\daisl\Documents\Tullio\PARALLEL\MISSDC_EXPERIMENTS\data\adult\MNAR\0.01\5\clean.csv,C:\Users\daisl\Documents\Tullio\PARALLEL\MISSDC_EXPERIMENTS\data\adult\MNAR\0.01\5\dirty.csv,C:\Users\daisl\Documents\Tullio\PARALLEL\MISSDC_EXPERIMENTS\data\adult\MNAR\0.01\5\dirty_imputed.csv,,
HYPERIMPUTE,2026-06-09T10:02:19,ok,adult,MNAR,14,0.05,1,0.2663,0.2663,0.2663,7000,0,,660.4729,0.994,C:\Users\daisl\Documents\Tullio\PARALLEL\MISSDC_EXPERIMENTS\data\adult\MNAR\0.05\1\clean.csv,C:\Users\daisl\Documents\Tullio\PARALLEL\MISSDC_EXPERIMENTS\data\adult\MNAR\0.05\1\dirty.csv,C:\Users\daisl\Documents\Tullio\PARALLEL\MISSDC_EXPERIMENTS\data\adult\MNAR\0.05\1\dirty_imputed.csv,,
HYPERIMPUTE,2026-06-09T10:13:20,ok,adult,MNAR,14,0.05,2,0.1714,0.1714,0.1714,7000,0,,517.7733,0.9713,C:\Users\daisl\Documents\Tullio\PARALLEL\MISSDC_EXPERIMENTS\data\adult\MNAR\0.05\2\clean.csv,C:\Users\daisl\Documents\Tullio\PARALLEL\MISSDC_EXPERIMENTS\data\adult\MNAR\0.05\2\dirty.csv,C:\Users\daisl\Documents\Tullio\PARALLEL\MISSDC_EXPERIMENTS\data\adult\MNAR\0.05\2\dirty_imputed.csv,,
HYPERIMPUTE,2026-06-09T10:21:59,ok,adult,MNAR,14,0.05,3,0.2857,0.2857,0.2857,7000,0,,574.5657,0.9836,C:\Users\daisl\Documents\Tullio\PARALLEL\MISSDC_EXPERIMENTS\data\adult\MNAR\0.05\3\clean.csv,C:\Users\daisl\Documents\Tullio\PARALLEL\MISSDC_EXPERIMENTS\data\adult\MNAR\0.05\3\dirty.csv,C:\Users\daisl\Documents\Tullio\PARALLEL\MISSDC_EXPERIMENTS\data\adult\MNAR\0.05\3\dirty_imputed.csv,,
HYPERIMPUTE,2026-06-09T10:31:35,ok,adult,MNAR,14,0.05,4,0.2857,0.2857,0.2857,7000,0,,947.7721,1.1679,C:\Users\daisl\Documents\Tullio\PARALLEL\MISSDC_EXPERIMENTS\data\adult\MNAR\0.05\4\clean.csv,C:\Users\daisl\Documents\Tullio\PARALLEL\MISSDC_EXPERIMENTS\data\adult\MNAR\0.05\4\dirty.csv,C:\Users\daisl\Documents\Tullio\PARALLEL\MISSDC_EXPERIMENTS\data\adult\MNAR\0.05\4\dirty_imputed.csv,,
HYPERIMPUTE,2026-06-09T10:47:24,ok,adult,MNAR,14,0.05,5,0.1429,0.1429,0.1429,7000,0,,702.8905,0.939,C:\Users\daisl\Documents\Tullio\PARALLEL\MISSDC_EXPERIMENTS\data\adult\MNAR\0.05\5\clean.csv,C:\Users\daisl\Documents\Tullio\PARALLEL\MISSDC_EXPERIMENTS\data\adult\MNAR\0.05\5\dirty.csv,C:\Users\daisl\Documents\Tullio\PARALLEL\MISSDC_EXPERIMENTS\data\adult\MNAR\0.05\5\dirty_imputed.csv,,
HYPERIMPUTE,2026-06-09T10:59:08,ok,adult,MNAR,14,0.1,1,0.1918,0.1918,0.1918,14000,0,,493.1798,1.1103,C:\Users\daisl\Documents\Tullio\PARALLEL\MISSDC_EXPERIMENTS\data\adult\MNAR\0.1\1\clean.csv,C:\Users\daisl\Documents\Tullio\PARALLEL\MISSDC_EXPERIMENTS\data\adult\MNAR\0.1\1\dirty.csv,C:\Users\daisl\Documents\Tullio\PARALLEL\MISSDC_EXPERIMENTS\data\adult\MNAR\0.1\1\dirty_imputed.csv,,
HYPERIMPUTE,2026-06-09T11:07:22,ok,adult,MNAR,14,0.1,2,0.1429,0.1429,0.1429,14000,0,,808.2585,1.5163,C:\Users\daisl\Documents\Tullio\PARALLEL\MISSDC_EXPERIMENTS\data\adult\MNAR\0.1\2\clean.csv,C:\Users\daisl\Documents\Tullio\PARALLEL\MISSDC_EXPERIMENTS\data\adult\MNAR\0.1\2\dirty.csv,C:\Users\daisl\Documents\Tullio\PARALLEL\MISSDC_EXPERIMENTS\data\adult\MNAR\0.1\2\dirty_imputed.csv,,
HYPERIMPUTE,2026-06-09T11:20:52,ok,adult,MNAR,14,0.1,3,0.2036,0.2036,0.2036,14000,0,,872.6538,1.1336,C:\Users\daisl\Documents\Tullio\PARALLEL\MISSDC_EXPERIMENTS\data\adult\MNAR\0.1\3\clean.csv,C:\Users\daisl\Documents\Tullio\PARALLEL\MISSDC_EXPERIMENTS\data\adult\MNAR\0.1\3\dirty.csv,C:\Users\daisl\Documents\Tullio\PARALLEL\MISSDC_EXPERIMENTS\data\adult\MNAR\0.1\3\dirty_imputed.csv,,
HYPERIMPUTE,2026-06-09T11:35:25,ok,adult,MNAR,14,0.1,4,0.255,0.255,0.255,14000,0,,557.9304,1.438,C:\Users\daisl\Documents\Tullio\PARALLEL\MISSDC_EXPERIMENTS\data\adult\MNAR\0.1\4\clean.csv,C:\Users\daisl\Documents\Tullio\PARALLEL\MISSDC_EXPERIMENTS\data\adult\MNAR\0.1\4\dirty.csv,C:\Users\daisl\Documents\Tullio\PARALLEL\MISSDC_EXPERIMENTS\data\adult\MNAR\0.1\4\dirty_imputed.csv,,
HYPERIMPUTE,2026-06-09T11:44:45,ok,adult,MNAR,14,0.1,5,0.392,0.392,0.392,14000,0,,374.8584,1.5106,C:\Users\daisl\Documents\Tullio\PARALLEL\MISSDC_EXPERIMENTS\data\adult\MNAR\0.1\5\clean.csv,C:\Users\daisl\Documents\Tullio\PARALLEL\MISSDC_EXPERIMENTS\data\adult\MNAR\0.1\5\dirty.csv,C:\Users\daisl\Documents\Tullio\PARALLEL\MISSDC_EXPERIMENTS\data\adult\MNAR\0.1\5\dirty_imputed.csv,,
HYPERIMPUTE,2026-06-09T11:51:01,ok,adult,MNAR,14,0.15,1,0.2965,0.2965,0.2965,21000,0,,703.3072,1.6482,C:\Users\daisl\Documents\Tullio\PARALLEL\MISSDC_EXPERIMENTS\data\adult\MNAR\0.15\1\clean.csv,C:\Users\daisl\Documents\Tullio\PARALLEL\MISSDC_EXPERIMENTS\data\adult\MNAR\0.15\1\dirty.csv,C:\Users\daisl\Documents\Tullio\PARALLEL\MISSDC_EXPERIMENTS\data\adult\MNAR\0.15\1\dirty_imputed.csv,,
HYPERIMPUTE,2026-06-09T12:02:46,ok,adult,MNAR,14,0.15,2,0.1439,0.1439,0.1439,21000,0,,555.2561,1.5967,C:\Users\daisl\Documents\Tullio\PARALLEL\MISSDC_EXPERIMENTS\data\adult\MNAR\0.15\2\clean.csv,C:\Users\daisl\Documents\Tullio\PARALLEL\MISSDC_EXPERIMENTS\data\adult\MNAR\0.15\2\dirty.csv,C:\Users\daisl\Documents\Tullio\PARALLEL\MISSDC_EXPERIMENTS\data\adult\MNAR\0.15\2\dirty_imputed.csv,,
HYPERIMPUTE,2026-06-09T12:12:03,ok,adult,MNAR,14,0.15,3,0.1903,0.1903,0.1903,21000,0,,614.6702,1.7144,C:\Users\daisl\Documents\Tullio\PARALLEL\MISSDC_EXPERIMENTS\data\adult\MNAR\0.15\3\clean.csv,C:\Users\daisl\Documents\Tullio\PARALLEL\MISSDC_EXPERIMENTS\data\adult\MNAR\0.15\3\dirty.csv,C:\Users\daisl\Documents\Tullio\PARALLEL\MISSDC_EXPERIMENTS\data\adult\MNAR\0.15\3\dirty_imputed.csv,,
HYPERIMPUTE,2026-06-09T12:22:20,ok,adult,MNAR,14,0.15,4,0.2652,0.2652,0.2652,21000,0,,628.5435,1.2223,C:\Users\daisl\Documents\Tullio\PARALLEL\MISSDC_EXPERIMENTS\data\adult\MNAR\0.15\4\clean.csv,C:\Users\daisl\Documents\Tullio\PARALLEL\MISSDC_EXPERIMENTS\data\adult\MNAR\0.15\4\dirty.csv,C:\Users\daisl\Documents\Tullio\PARALLEL\MISSDC_EXPERIMENTS\data\adult\MNAR\0.15\4\dirty_imputed.csv,,
HYPERIMPUTE,2026-06-09T12:32:49,ok,adult,MNAR,14,0.15,5,0.2143,0.2143,0.2143,21000,0,,672.4917,1.57,C:\Users\daisl\Documents\Tullio\PARALLEL\MISSDC_EXPERIMENTS\data\adult\MNAR\0.15\5\clean.csv,C:\Users\daisl\Documents\Tullio\PARALLEL\MISSDC_EXPERIMENTS\data\adult\MNAR\0.15\5\dirty.csv,C:\Users\daisl\Documents\Tullio\PARALLEL\MISSDC_EXPERIMENTS\data\adult\MNAR\0.15\5\dirty_imputed.csv,,
HYPERIMPUTE,2026-06-09T12:44:03,ok,adult,MNAR,14,0.2,1,0.1575,0.1575,0.1575,28000,0,,681.4088,1.7581,C:\Users\daisl\Documents\Tullio\PARALLEL\MISSDC_EXPERIMENTS\data\adult\MNAR\0.2\1\clean.csv,C:\Users\daisl\Documents\Tullio\PARALLEL\MISSDC_EXPERIMENTS\data\adult\MNAR\0.2\1\dirty.csv,C:\Users\daisl\Documents\Tullio\PARALLEL\MISSDC_EXPERIMENTS\data\adult\MNAR\0.2\1\dirty_imputed.csv,,
HYPERIMPUTE,2026-06-09T12:55:27,ok,adult,MNAR,14,0.2,2,0.2857,0.2857,0.2857,28000,0,,496.6579,1.761,C:\Users\daisl\Documents\Tullio\PARALLEL\MISSDC_EXPERIMENTS\data\adult\MNAR\0.2\2\clean.csv,C:\Users\daisl\Documents\Tullio\PARALLEL\MISSDC_EXPERIMENTS\data\adult\MNAR\0.2\2\dirty.csv,C:\Users\daisl\Documents\Tullio\PARALLEL\MISSDC_EXPERIMENTS\data\adult\MNAR\0.2\2\dirty_imputed.csv,,
HYPERIMPUTE,2026-06-09T13:03:45,ok,adult,MNAR,14,0.2,3,0.2968,0.2968,0.2968,28000,0,,564.3584,1.8054,C:\Users\daisl\Documents\Tullio\PARALLEL\MISSDC_EXPERIMENTS\data\adult\MNAR\0.2\3\clean.csv,C:\Users\daisl\Documents\Tullio\PARALLEL\MISSDC_EXPERIMENTS\data\adult\MNAR\0.2\3\dirty.csv,C:\Users\daisl\Documents\Tullio\PARALLEL\MISSDC_EXPERIMENTS\data\adult\MNAR\0.2\3\dirty_imputed.csv,,
HYPERIMPUTE,2026-06-09T13:13:11,ok,adult,MNAR,14,0.2,4,0.2084,0.2084,0.2084,28000,0,,760.1189,1.4864,C:\Users\daisl\Documents\Tullio\PARALLEL\MISSDC_EXPERIMENTS\data\adult\MNAR\0.2\4\clean.csv,C:\Users\daisl\Documents\Tullio\PARALLEL\MISSDC_EXPERIMENTS\data\adult\MNAR\0.2\4\dirty.csv,C:\Users\daisl\Documents\Tullio\PARALLEL\MISSDC_EXPERIMENTS\data\adult\MNAR\0.2\4\dirty_imputed.csv,,
HYPERIMPUTE,2026-06-09T13:25:53,ok,adult,MNAR,14,0.2,5,0.2671,0.2671,0.2671,28000,0,,550.0387,1.6009,C:\Users\daisl\Documents\Tullio\PARALLEL\MISSDC_EXPERIMENTS\data\adult\MNAR\0.2\5\clean.csv,C:\Users\daisl\Documents\Tullio\PARALLEL\MISSDC_EXPERIMENTS\data\adult\MNAR\0.2\5\dirty.csv,C:\Users\daisl\Documents\Tullio\PARALLEL\MISSDC_EXPERIMENTS\data\adult\MNAR\0.2\5\dirty_imputed.csv,,
HYPERIMPUTE,2026-06-09T13:35:05,ok,adult,MNAR,14,0.25,1,0.1519,0.1519,0.1519,35000,0,,672.8037,1.9414,C:\Users\daisl\Documents\Tullio\PARALLEL\MISSDC_EXPERIMENTS\data\adult\MNAR\0.25\1\clean.csv,C:\Users\daisl\Documents\Tullio\PARALLEL\MISSDC_EXPERIMENTS\data\adult\MNAR\0.25\1\dirty.csv,C:\Users\daisl\Documents\Tullio\PARALLEL\MISSDC_EXPERIMENTS\data\adult\MNAR\0.25\1\dirty_imputed.csv,,
HYPERIMPUTE,2026-06-09T13:46:19,ok,adult,MNAR,14,0.25,2,0.1973,0.1973,0.1973,35000,0,,480.0069,1.9468,C:\Users\daisl\Documents\Tullio\PARALLEL\MISSDC_EXPERIMENTS\data\adult\MNAR\0.25\2\clean.csv,C:\Users\daisl\Documents\Tullio\PARALLEL\MISSDC_EXPERIMENTS\data\adult\MNAR\0.25\2\dirty.csv,C:\Users\daisl\Documents\Tullio\PARALLEL\MISSDC_EXPERIMENTS\data\adult\MNAR\0.25\2\dirty_imputed.csv,,
HYPERIMPUTE,2026-06-09T13:54:21,ok,adult,MNAR,14,0.25,3,0.0053,0.0053,0.0053,35000,0,,1332.5103,2.0857,C:\Users\daisl\Documents\Tullio\PARALLEL\MISSDC_EXPERIMENTS\data\adult\MNAR\0.25\3\clean.csv,C:\Users\daisl\Documents\Tullio\PARALLEL\MISSDC_EXPERIMENTS\data\adult\MNAR\0.25\3\dirty.csv,C:\Users\daisl\Documents\Tullio\PARALLEL\MISSDC_EXPERIMENTS\data\adult\MNAR\0.25\3\dirty_imputed.csv,,
HYPERIMPUTE,2026-06-09T14:16:36,ok,adult,MNAR,14,0.25,4,0.1784,0.1784,0.1784,35000,0,,635.1585,1.7921,C:\Users\daisl\Documents\Tullio\PARALLEL\MISSDC_EXPERIMENTS\data\adult\MNAR\0.25\4\clean.csv,C:\Users\daisl\Documents\Tullio\PARALLEL\MISSDC_EXPERIMENTS\data\adult\MNAR\0.25\4\dirty.csv,C:\Users\daisl\Documents\Tullio\PARALLEL\MISSDC_EXPERIMENTS\data\adult\MNAR\0.25\4\dirty_imputed.csv,,
HYPERIMPUTE,2026-06-09T14:27:13,ok,adult,MNAR,14,0.25,5,0.111,0.111,0.111,35000,0,,818.1156,1.9877,C:\Users\daisl\Documents\Tullio\PARALLEL\MISSDC_EXPERIMENTS\data\adult\MNAR\0.25\5\clean.csv,C:\Users\daisl\Documents\Tullio\PARALLEL\MISSDC_EXPERIMENTS\data\adult\MNAR\0.25\5\dirty.csv,C:\Users\daisl\Documents\Tullio\PARALLEL\MISSDC_EXPERIMENTS\data\adult\MNAR\0.25\5\dirty_imputed.csv,,
HYPERIMPUTE,2026-06-09T14:40:53,ok,adult,MNAR,14,0.3,1,0.1431,0.1431,0.1431,42000,0,,685.7501,2.0759,C:\Users\daisl\Documents\Tullio\PARALLEL\MISSDC_EXPERIMENTS\data\adult\MNAR\0.3\1\clean.csv,C:\Users\daisl\Documents\Tullio\PARALLEL\MISSDC_EXPERIMENTS\data\adult\MNAR\0.3\1\dirty.csv,C:\Users\daisl\Documents\Tullio\PARALLEL\MISSDC_EXPERIMENTS\data\adult\MNAR\0.3\1\dirty_imputed.csv,,
HYPERIMPUTE,2026-06-09T14:52:21,ok,adult,MNAR,14,0.3,2,0.0739,0.0739,0.0739,42000,0,,1016.6324,2.326,C:\Users\daisl\Documents\Tullio\PARALLEL\MISSDC_EXPERIMENTS\data\adult\MNAR\0.3\2\clean.csv,C:\Users\daisl\Documents\Tullio\PARALLEL\MISSDC_EXPERIMENTS\data\adult\MNAR\0.3\2\dirty.csv,C:\Users\daisl\Documents\Tullio\PARALLEL\MISSDC_EXPERIMENTS\data\adult\MNAR\0.3\2\dirty_imputed.csv,,
HYPERIMPUTE,2026-06-09T15:09:20,ok,adult,MNAR,14,0.3,3,0.1295,0.1295,0.1295,42000,0,,701.8363,2.2563,C:\Users\daisl\Documents\Tullio\PARALLEL\MISSDC_EXPERIMENTS\data\adult\MNAR\0.3\3\clean.csv,C:\Users\daisl\Documents\Tullio\PARALLEL\MISSDC_EXPERIMENTS\data\adult\MNAR\0.3\3\dirty.csv,C:\Users\daisl\Documents\Tullio\PARALLEL\MISSDC_EXPERIMENTS\data\adult\MNAR\0.3\3\dirty_imputed.csv,,
HYPERIMPUTE,2026-06-09T15:21:04,ok,adult,MNAR,14,0.3,4,0.123,0.123,0.123,42000,0,,519.8347,1.7585,C:\Users\daisl\Documents\Tullio\PARALLEL\MISSDC_EXPERIMENTS\data\adult\MNAR\0.3\4\clean.csv,C:\Users\daisl\Documents\Tullio\PARALLEL\MISSDC_EXPERIMENTS\data\adult\MNAR\0.3\4\dirty.csv,C:\Users\daisl\Documents\Tullio\PARALLEL\MISSDC_EXPERIMENTS\data\adult\MNAR\0.3\4\dirty_imputed.csv,,
HYPERIMPUTE,2026-06-09T15:29:46,ok,adult,MNAR,14,0.3,5,0.1637,0.1637,0.1637,42000,0,,571.0421,2.1172,C:\Users\daisl\Documents\Tullio\PARALLEL\MISSDC_EXPERIMENTS\data\adult\MNAR\0.3\5\clean.csv,C:\Users\daisl\Documents\Tullio\PARALLEL\MISSDC_EXPERIMENTS\data\adult\MNAR\0.3\5\dirty.csv,C:\Users\daisl\Documents\Tullio\PARALLEL\MISSDC_EXPERIMENTS\data\adult\MNAR\0.3\5\dirty_imputed.csv,,
HYPERIMPUTE,2026-06-09T15:39:19,ok,boeing,MAR,10,0.01,1,0.1125,0.1125,0.1125,80,0,,26.1578,0.897,C:\Users\daisl\Documents\Tullio\PARALLEL\MISSDC_EXPERIMENTS\data\boeing\MAR\0.01\1\clean.csv,C:\Users\daisl\Documents\Tullio\PARALLEL\MISSDC_EXPERIMENTS\data\boeing\MAR\0.01\1\dirty.csv,C:\Users\daisl\Documents\Tullio\PARALLEL\MISSDC_EXPERIMENTS\data\boeing\MAR\0.01\1\dirty_imputed.csv,,
HYPERIMPUTE,2026-06-09T15:39:46,ok,boeing,MAR,10,0.01,2,0.1625,0.1625,0.1625,80,0,,34.8638,0.917,C:\Users\daisl\Documents\Tullio\PARALLEL\MISSDC_EXPERIMENTS\data\boeing\MAR\0.01\2\clean.csv,C:\Users\daisl\Documents\Tullio\PARALLEL\MISSDC_EXPERIMENTS\data\boeing\MAR\0.01\2\dirty.csv,C:\Users\daisl\Documents\Tullio\PARALLEL\MISSDC_EXPERIMENTS\data\boeing\MAR\0.01\2\dirty_imputed.csv,,
HYPERIMPUTE,2026-06-09T15:40:22,ok,boeing,MAR,10,0.01,3,0.0625,0.0625,0.0625,80,0,,31.3394,0.9168,C:\Users\daisl\Documents\Tullio\PARALLEL\MISSDC_EXPERIMENTS\data\boeing\MAR\0.01\3\clean.csv,C:\Users\daisl\Documents\Tullio\PARALLEL\MISSDC_EXPERIMENTS\data\boeing\MAR\0.01\3\dirty.csv,C:\Users\daisl\Documents\Tullio\PARALLEL\MISSDC_EXPERIMENTS\data\boeing\MAR\0.01\3\dirty_imputed.csv,,
HYPERIMPUTE,2026-06-09T15:40:54,ok,boeing,MAR,10,0.01,4,0.0625,0.0625,0.0625,80,0,,27.7536,0.9145,C:\Users\daisl\Documents\Tullio\PARALLEL\MISSDC_EXPERIMENTS\data\boeing\MAR\0.01\4\clean.csv,C:\Users\daisl\Documents\Tullio\PARALLEL\MISSDC_EXPERIMENTS\data\boeing\MAR\0.01\4\dirty.csv,C:\Users\daisl\Documents\Tullio\PARALLEL\MISSDC_EXPERIMENTS\data\boeing\MAR\0.01\4\dirty_imputed.csv,,
HYPERIMPUTE,2026-06-09T15:41:23,ok,boeing,MAR,10,0.01,5,0.1125,0.1125,0.1125,80,0,,26.8328,0.9299,C:\Users\daisl\Documents\Tullio\PARALLEL\MISSDC_EXPERIMENTS\data\boeing\MAR\0.01\5\clean.csv,C:\Users\daisl\Documents\Tullio\PARALLEL\MISSDC_EXPERIMENTS\data\boeing\MAR\0.01\5\dirty.csv,C:\Users\daisl\Documents\Tullio\PARALLEL\MISSDC_EXPERIMENTS\data\boeing\MAR\0.01\5\dirty_imputed.csv,,
HYPERIMPUTE,2026-06-09T15:41:50,ok,boeing,MAR,10,0.05,1,0.0886,0.0886,0.0886,440,0,,34.2517,0.9214,C:\Users\daisl\Documents\Tullio\PARALLEL\MISSDC_EXPERIMENTS\data\boeing\MAR\0.05\1\clean.csv,C:\Users\daisl\Documents\Tullio\PARALLEL\MISSDC_EXPERIMENTS\data\boeing\MAR\0.05\1\dirty.csv,C:\Users\daisl\Documents\Tullio\PARALLEL\MISSDC_EXPERIMENTS\data\boeing\MAR\0.05\1\dirty_imputed.csv,,
HYPERIMPUTE,2026-06-09T15:42:26,ok,boeing,MAR,10,0.05,2,0.075,0.075,0.075,440,0,,31.5511,0.9007,C:\Users\daisl\Documents\Tullio\PARALLEL\MISSDC_EXPERIMENTS\data\boeing\MAR\0.05\2\clean.csv,C:\Users\daisl\Documents\Tullio\PARALLEL\MISSDC_EXPERIMENTS\data\boeing\MAR\0.05\2\dirty.csv,C:\Users\daisl\Documents\Tullio\PARALLEL\MISSDC_EXPERIMENTS\data\boeing\MAR\0.05\2\dirty_imputed.csv,,
HYPERIMPUTE,2026-06-09T15:42:58,ok,boeing,MAR,10,0.05,3,0.0977,0.0977,0.0977,440,0,,34.5858,1.021,C:\Users\daisl\Documents\Tullio\PARALLEL\MISSDC_EXPERIMENTS\data\boeing\MAR\0.05\3\clean.csv,C:\Users\daisl\Documents\Tullio\PARALLEL\MISSDC_EXPERIMENTS\data\boeing\MAR\0.05\3\dirty.csv,C:\Users\daisl\Documents\Tullio\PARALLEL\MISSDC_EXPERIMENTS\data\boeing\MAR\0.05\3\dirty_imputed.csv,,
HYPERIMPUTE,2026-06-09T15:43:34,ok,boeing,MAR,10,0.05,4,0.1045,0.1045,0.1045,440,0,,29.825,0.9619,C:\Users\daisl\Documents\Tullio\PARALLEL\MISSDC_EXPERIMENTS\data\boeing\MAR\0.05\4\clean.csv,C:\Users\daisl\Documents\Tullio\PARALLEL\MISSDC_EXPERIMENTS\data\boeing\MAR\0.05\4\dirty.csv,C:\Users\daisl\Documents\Tullio\PARALLEL\MISSDC_EXPERIMENTS\data\boeing\MAR\0.05\4\dirty_imputed.csv,,
HYPERIMPUTE,2026-06-09T15:44:05,ok,boeing,MAR,10,0.05,5,0.0932,0.0932,0.0932,440,0,,31.8752,0.9121,C:\Users\daisl\Documents\Tullio\PARALLEL\MISSDC_EXPERIMENTS\data\boeing\MAR\0.05\5\clean.csv,C:\Users\daisl\Documents\Tullio\PARALLEL\MISSDC_EXPERIMENTS\data\boeing\MAR\0.05\5\dirty.csv,C:\Users\daisl\Documents\Tullio\PARALLEL\MISSDC_EXPERIMENTS\data\boeing\MAR\0.05\5\dirty_imputed.csv,,
HYPERIMPUTE,2026-06-09T15:44:37,ok,boeing,MAR,10,0.1,1,0.0775,0.0775,0.0775,890,0,,31.1636,0.932,C:\Users\daisl\Documents\Tullio\PARALLEL\MISSDC_EXPERIMENTS\data\boeing\MAR\0.1\1\clean.csv,C:\Users\daisl\Documents\Tullio\PARALLEL\MISSDC_EXPERIMENTS\data\boeing\MAR\0.1\1\dirty.csv,C:\Users\daisl\Documents\Tullio\PARALLEL\MISSDC_EXPERIMENTS\data\boeing\MAR\0.1\1\dirty_imputed.csv,,
HYPERIMPUTE,2026-06-09T15:45:09,ok,boeing,MAR,10,0.1,2,0.1124,0.1124,0.1124,890,0,,35.0892,0.9168,C:\Users\daisl\Documents\Tullio\PARALLEL\MISSDC_EXPERIMENTS\data\boeing\MAR\0.1\2\clean.csv,C:\Users\daisl\Documents\Tullio\PARALLEL\MISSDC_EXPERIMENTS\data\boeing\MAR\0.1\2\dirty.csv,C:\Users\daisl\Documents\Tullio\PARALLEL\MISSDC_EXPERIMENTS\data\boeing\MAR\0.1\2\dirty_imputed.csv,,
HYPERIMPUTE,2026-06-09T15:45:45,ok,boeing,MAR,10,0.1,3,0.0899,0.0899,0.0899,890,0,,35.0693,0.9053,C:\Users\daisl\Documents\Tullio\PARALLEL\MISSDC_EXPERIMENTS\data\boeing\MAR\0.1\3\clean.csv,C:\Users\daisl\Documents\Tullio\PARALLEL\MISSDC_EXPERIMENTS\data\boeing\MAR\0.1\3\dirty.csv,C:\Users\daisl\Documents\Tullio\PARALLEL\MISSDC_EXPERIMENTS\data\boeing\MAR\0.1\3\dirty_imputed.csv,,
HYPERIMPUTE,2026-06-09T15:46:21,ok,boeing,MAR,10,0.1,4,0.0742,0.0742,0.0742,890,0,,30.8856,0.9393,C:\Users\daisl\Documents\Tullio\PARALLEL\MISSDC_EXPERIMENTS\data\boeing\MAR\0.1\4\clean.csv,C:\Users\daisl\Documents\Tullio\PARALLEL\MISSDC_EXPERIMENTS\data\boeing\MAR\0.1\4\dirty.csv,C:\Users\daisl\Documents\Tullio\PARALLEL\MISSDC_EXPERIMENTS\data\boeing\MAR\0.1\4\dirty_imputed.csv,,
HYPERIMPUTE,2026-06-09T15:46:53,ok,boeing,MAR,10,0.1,5,0.1989,0.1989,0.1989,890,0,,26.9585,0.9393,C:\Users\daisl\Documents\Tullio\PARALLEL\MISSDC_EXPERIMENTS\data\boeing\MAR\0.1\5\clean.csv,C:\Users\daisl\Documents\Tullio\PARALLEL\MISSDC_EXPERIMENTS\data\boeing\MAR\0.1\5\dirty.csv,C:\Users\daisl\Documents\Tullio\PARALLEL\MISSDC_EXPERIMENTS\data\boeing\MAR\0.1\5\dirty_imputed.csv,,
HYPERIMPUTE,2026-06-09T15:47:21,ok,boeing,MAR,10,0.15,1,0.0799,0.0799,0.0799,1340,0,,35.0164,0.8991,C:\Users\daisl\Documents\Tullio\PARALLEL\MISSDC_EXPERIMENTS\data\boeing\MAR\0.15\1\clean.csv,C:\Users\daisl\Documents\Tullio\PARALLEL\MISSDC_EXPERIMENTS\data\boeing\MAR\0.15\1\dirty.csv,C:\Users\daisl\Documents\Tullio\PARALLEL\MISSDC_EXPERIMENTS\data\boeing\MAR\0.15\1\dirty_imputed.csv,,
HYPERIMPUTE,2026-06-09T15:47:57,ok,boeing,MAR,10,0.15,2,0.0896,0.0896,0.0896,1340,0,,30.5473,0.9389,C:\Users\daisl\Documents\Tullio\PARALLEL\MISSDC_EXPERIMENTS\data\boeing\MAR\0.15\2\clean.csv,C:\Users\daisl\Documents\Tullio\PARALLEL\MISSDC_EXPERIMENTS\data\boeing\MAR\0.15\2\dirty.csv,C:\Users\daisl\Documents\Tullio\PARALLEL\MISSDC_EXPERIMENTS\data\boeing\MAR\0.15\2\dirty_imputed.csv,,
HYPERIMPUTE,2026-06-09T15:48:29,ok,boeing,MAR,10,0.15,3,0.097,0.097,0.097,1340,0,,34.6105,0.9446,C:\Users\daisl\Documents\Tullio\PARALLEL\MISSDC_EXPERIMENTS\data\boeing\MAR\0.15\3\clean.csv,C:\Users\daisl\Documents\Tullio\PARALLEL\MISSDC_EXPERIMENTS\data\boeing\MAR\0.15\3\dirty.csv,C:\Users\daisl\Documents\Tullio\PARALLEL\MISSDC_EXPERIMENTS\data\boeing\MAR\0.15\3\dirty_imputed.csv,,
HYPERIMPUTE,2026-06-09T15:49:04,ok,boeing,MAR,10,0.15,4,0.1104,0.1104,0.1104,1340,0,,31.951,0.9106,C:\Users\daisl\Documents\Tullio\PARALLEL\MISSDC_EXPERIMENTS\data\boeing\MAR\0.15\4\clean.csv,C:\Users\daisl\Documents\Tullio\PARALLEL\MISSDC_EXPERIMENTS\data\boeing\MAR\0.15\4\dirty.csv,C:\Users\daisl\Documents\Tullio\PARALLEL\MISSDC_EXPERIMENTS\data\boeing\MAR\0.15\4\dirty_imputed.csv,,
HYPERIMPUTE,2026-06-09T15:49:37,ok,boeing,MAR,10,0.15,5,0.0769,0.0769,0.0769,1340,0,,30.7751,1.2291,C:\Users\daisl\Documents\Tullio\PARALLEL\MISSDC_EXPERIMENTS\data\boeing\MAR\0.15\5\clean.csv,C:\Users\daisl\Documents\Tullio\PARALLEL\MISSDC_EXPERIMENTS\data\boeing\MAR\0.15\5\dirty.csv,C:\Users\daisl\Documents\Tullio\PARALLEL\MISSDC_EXPERIMENTS\data\boeing\MAR\0.15\5\dirty_imputed.csv,,
HYPERIMPUTE,2026-06-09T15:50:09,ok,boeing,MAR,10,0.2,1,0.0721,0.0721,0.0721,1790,0,,35.7917,0.9464,C:\Users\daisl\Documents\Tullio\PARALLEL\MISSDC_EXPERIMENTS\data\boeing\MAR\0.2\1\clean.csv,C:\Users\daisl\Documents\Tullio\PARALLEL\MISSDC_EXPERIMENTS\data\boeing\MAR\0.2\1\dirty.csv,C:\Users\daisl\Documents\Tullio\PARALLEL\MISSDC_EXPERIMENTS\data\boeing\MAR\0.2\1\dirty_imputed.csv,,
HYPERIMPUTE,2026-06-09T15:50:46,ok,boeing,MAR,10,0.2,2,0.0665,0.0665,0.0665,1790,0,,29.8324,0.934,C:\Users\daisl\Documents\Tullio\PARALLEL\MISSDC_EXPERIMENTS\data\boeing\MAR\0.2\2\clean.csv,C:\Users\daisl\Documents\Tullio\PARALLEL\MISSDC_EXPERIMENTS\data\boeing\MAR\0.2\2\dirty.csv,C:\Users\daisl\Documents\Tullio\PARALLEL\MISSDC_EXPERIMENTS\data\boeing\MAR\0.2\2\dirty_imputed.csv,,
HYPERIMPUTE,2026-06-09T15:51:17,ok,boeing,MAR,10,0.2,3,0.062,0.062,0.062,1790,0,,22.7655,0.9048,C:\Users\daisl\Documents\Tullio\PARALLEL\MISSDC_EXPERIMENTS\data\boeing\MAR\0.2\3\clean.csv,C:\Users\daisl\Documents\Tullio\PARALLEL\MISSDC_EXPERIMENTS\data\boeing\MAR\0.2\3\dirty.csv,C:\Users\daisl\Documents\Tullio\PARALLEL\MISSDC_EXPERIMENTS\data\boeing\MAR\0.2\3\dirty_imputed.csv,,
HYPERIMPUTE,2026-06-09T15:51:40,ok,boeing,MAR,10,0.2,4,0.0972,0.0972,0.0972,1790,0,,31.4171,0.9244,C:\Users\daisl\Documents\Tullio\PARALLEL\MISSDC_EXPERIMENTS\data\boeing\MAR\0.2\4\clean.csv,C:\Users\daisl\Documents\Tullio\PARALLEL\MISSDC_EXPERIMENTS\data\boeing\MAR\0.2\4\dirty.csv,C:\Users\daisl\Documents\Tullio\PARALLEL\MISSDC_EXPERIMENTS\data\boeing\MAR\0.2\4\dirty_imputed.csv,,
HYPERIMPUTE,2026-06-09T15:52:13,ok,boeing,MAR,10,0.2,5,0.0827,0.0827,0.0827,1790,0,,32.6454,0.9319,C:\Users\daisl\Documents\Tullio\PARALLEL\MISSDC_EXPERIMENTS\data\boeing\MAR\0.2\5\clean.csv,C:\Users\daisl\Documents\Tullio\PARALLEL\MISSDC_EXPERIMENTS\data\boeing\MAR\0.2\5\dirty.csv,C:\Users\daisl\Documents\Tullio\PARALLEL\MISSDC_EXPERIMENTS\data\boeing\MAR\0.2\5\dirty_imputed.csv,,
HYPERIMPUTE,2026-06-09T15:52:46,ok,boeing,MAR,10,0.25,1,0.1085,0.1085,0.1085,2240,0,,32.9705,0.9483,C:\Users\daisl\Documents\Tullio\PARALLEL\MISSDC_EXPERIMENTS\data\boeing\MAR\0.25\1\clean.csv,C:\Users\daisl\Documents\Tullio\PARALLEL\MISSDC_EXPERIMENTS\data\boeing\MAR\0.25\1\dirty.csv,C:\Users\daisl\Documents\Tullio\PARALLEL\MISSDC_EXPERIMENTS\data\boeing\MAR\0.25\1\dirty_imputed.csv,,
HYPERIMPUTE,2026-06-09T15:53:20,ok,boeing,MAR,10,0.25,2,0.0817,0.0817,0.0817,2240,0,,30.925,0.9621,C:\Users\daisl\Documents\Tullio\PARALLEL\MISSDC_EXPERIMENTS\data\boeing\MAR\0.25\2\clean.csv,C:\Users\daisl\Documents\Tullio\PARALLEL\MISSDC_EXPERIMENTS\data\boeing\MAR\0.25\2\dirty.csv,C:\Users\daisl\Documents\Tullio\PARALLEL\MISSDC_EXPERIMENTS\data\boeing\MAR\0.25\2\dirty_imputed.csv,,
HYPERIMPUTE,2026-06-09T15:53:52,ok,boeing,MAR,10,0.25,3,0.1116,0.1116,0.1116,2240,0,,33.1297,0.9875,C:\Users\daisl\Documents\Tullio\PARALLEL\MISSDC_EXPERIMENTS\data\boeing\MAR\0.25\3\clean.csv,C:\Users\daisl\Documents\Tullio\PARALLEL\MISSDC_EXPERIMENTS\data\boeing\MAR\0.25\3\dirty.csv,C:\Users\daisl\Documents\Tullio\PARALLEL\MISSDC_EXPERIMENTS\data\boeing\MAR\0.25\3\dirty_imputed.csv,,
HYPERIMPUTE,2026-06-09T15:54:26,ok,boeing,MAR,10,0.25,4,0.0835,0.0835,0.0835,2240,0,,33.9407,0.9899,C:\Users\daisl\Documents\Tullio\PARALLEL\MISSDC_EXPERIMENTS\data\boeing\MAR\0.25\4\clean.csv,C:\Users\daisl\Documents\Tullio\PARALLEL\MISSDC_EXPERIMENTS\data\boeing\MAR\0.25\4\dirty.csv,C:\Users\daisl\Documents\Tullio\PARALLEL\MISSDC_EXPERIMENTS\data\boeing\MAR\0.25\4\dirty_imputed.csv,,
HYPERIMPUTE,2026-06-09T15:55:01,ok,boeing,MAR,10,0.25,5,0.1018,0.1018,0.1018,2240,0,,30.4546,0.9896,C:\Users\daisl\Documents\Tullio\PARALLEL\MISSDC_EXPERIMENTS\data\boeing\MAR\0.25\5\clean.csv,C:\Users\daisl\Documents\Tullio\PARALLEL\MISSDC_EXPERIMENTS\data\boeing\MAR\0.25\5\dirty.csv,C:\Users\daisl\Documents\Tullio\PARALLEL\MISSDC_EXPERIMENTS\data\boeing\MAR\0.25\5\dirty_imputed.csv,,
HYPERIMPUTE,2026-06-09T15:55:33,ok,boeing,MAR,10,0.3,1,0.158,0.158,0.158,2690,0,,36.6432,1.0111,C:\Users\daisl\Documents\Tullio\PARALLEL\MISSDC_EXPERIMENTS\data\boeing\MAR\0.3\1\clean.csv,C:\Users\daisl\Documents\Tullio\PARALLEL\MISSDC_EXPERIMENTS\data\boeing\MAR\0.3\1\dirty.csv,C:\Users\daisl\Documents\Tullio\PARALLEL\MISSDC_EXPERIMENTS\data\boeing\MAR\0.3\1\dirty_imputed.csv,,
HYPERIMPUTE,2026-06-09T15:56:10,ok,boeing,MAR,10,0.3,2,0.0758,0.0758,0.0758,2690,0,,31.81,0.9802,C:\Users\daisl\Documents\Tullio\PARALLEL\MISSDC_EXPERIMENTS\data\boeing\MAR\0.3\2\clean.csv,C:\Users\daisl\Documents\Tullio\PARALLEL\MISSDC_EXPERIMENTS\data\boeing\MAR\0.3\2\dirty.csv,C:\Users\daisl\Documents\Tullio\PARALLEL\MISSDC_EXPERIMENTS\data\boeing\MAR\0.3\2\dirty_imputed.csv,,
HYPERIMPUTE,2026-06-09T15:56:43,ok,boeing,MAR,10,0.3,3,0.1033,0.1033,0.1033,2690,0,,30.6749,0.9884,C:\Users\daisl\Documents\Tullio\PARALLEL\MISSDC_EXPERIMENTS\data\boeing\MAR\0.3\3\clean.csv,C:\Users\daisl\Documents\Tullio\PARALLEL\MISSDC_EXPERIMENTS\data\boeing\MAR\0.3\3\dirty.csv,C:\Users\daisl\Documents\Tullio\PARALLEL\MISSDC_EXPERIMENTS\data\boeing\MAR\0.3\3\dirty_imputed.csv,,
HYPERIMPUTE,2026-06-09T15:57:15,ok,boeing,MAR,10,0.3,4,0.0814,0.0814,0.0814,2690,0,,30.1622,0.9618,C:\Users\daisl\Documents\Tullio\PARALLEL\MISSDC_EXPERIMENTS\data\boeing\MAR\0.3\4\clean.csv,C:\Users\daisl\Documents\Tullio\PARALLEL\MISSDC_EXPERIMENTS\data\boeing\MAR\0.3\4\dirty.csv,C:\Users\daisl\Documents\Tullio\PARALLEL\MISSDC_EXPERIMENTS\data\boeing\MAR\0.3\4\dirty_imputed.csv,,
HYPERIMPUTE,2026-06-09T15:57:46,ok,boeing,MAR,10,0.3,5,0.0914,0.0914,0.0914,2690,0,,24.9796,0.9955,C:\Users\daisl\Documents\Tullio\PARALLEL\MISSDC_EXPERIMENTS\data\boeing\MAR\0.3\5\clean.csv,C:\Users\daisl\Documents\Tullio\PARALLEL\MISSDC_EXPERIMENTS\data\boeing\MAR\0.3\5\dirty.csv,C:\Users\daisl\Documents\Tullio\PARALLEL\MISSDC_EXPERIMENTS\data\boeing\MAR\0.3\5\dirty_imputed.csv,,
HYPERIMPUTE,2026-06-09T15:58:12,ok,boeing,MCAR,10,0.01,1,0.075,0.075,0.075,80,0,,36.4786,0.8904,C:\Users\daisl\Documents\Tullio\PARALLEL\MISSDC_EXPERIMENTS\data\boeing\MCAR\0.01\1\clean.csv,C:\Users\daisl\Documents\Tullio\PARALLEL\MISSDC_EXPERIMENTS\data\boeing\MCAR\0.01\1\dirty.csv,C:\Users\daisl\Documents\Tullio\PARALLEL\MISSDC_EXPERIMENTS\data\boeing\MCAR\0.01\1\dirty_imputed.csv,,
HYPERIMPUTE,2026-06-09T15:58:49,ok,boeing,MCAR,10,0.01,2,0.0875,0.0875,0.0875,80,0,,36.3809,0.9333,C:\Users\daisl\Documents\Tullio\PARALLEL\MISSDC_EXPERIMENTS\data\boeing\MCAR\0.01\2\clean.csv,C:\Users\daisl\Documents\Tullio\PARALLEL\MISSDC_EXPERIMENTS\data\boeing\MCAR\0.01\2\dirty.csv,C:\Users\daisl\Documents\Tullio\PARALLEL\MISSDC_EXPERIMENTS\data\boeing\MCAR\0.01\2\dirty_imputed.csv,,
HYPERIMPUTE,2026-06-09T15:59:27,ok,boeing,MCAR,10,0.01,3,0.1125,0.1125,0.1125,80,0,,26.61,0.9154,C:\Users\daisl\Documents\Tullio\PARALLEL\MISSDC_EXPERIMENTS\data\boeing\MCAR\0.01\3\clean.csv,C:\Users\daisl\Documents\Tullio\PARALLEL\MISSDC_EXPERIMENTS\data\boeing\MCAR\0.01\3\dirty.csv,C:\Users\daisl\Documents\Tullio\PARALLEL\MISSDC_EXPERIMENTS\data\boeing\MCAR\0.01\3\dirty_imputed.csv,,
HYPERIMPUTE,2026-06-09T15:59:54,ok,boeing,MCAR,10,0.01,4,0.0625,0.0625,0.0625,80,0,,36.2779,0.8867,C:\Users\daisl\Documents\Tullio\PARALLEL\MISSDC_EXPERIMENTS\data\boeing\MCAR\0.01\4\clean.csv,C:\Users\daisl\Documents\Tullio\PARALLEL\MISSDC_EXPERIMENTS\data\boeing\MCAR\0.01\4\dirty.csv,C:\Users\daisl\Documents\Tullio\PARALLEL\MISSDC_EXPERIMENTS\data\boeing\MCAR\0.01\4\dirty_imputed.csv,,
HYPERIMPUTE,2026-06-09T16:00:31,ok,boeing,MCAR,10,0.01,5,0.1,0.1,0.1,80,0,,26.5439,0.9187,C:\Users\daisl\Documents\Tullio\PARALLEL\MISSDC_EXPERIMENTS\data\boeing\MCAR\0.01\5\clean.csv,C:\Users\daisl\Documents\Tullio\PARALLEL\MISSDC_EXPERIMENTS\data\boeing\MCAR\0.01\5\dirty.csv,C:\Users\daisl\Documents\Tullio\PARALLEL\MISSDC_EXPERIMENTS\data\boeing\MCAR\0.01\5\dirty_imputed.csv,,
HYPERIMPUTE,2026-06-09T16:00:59,ok,boeing,MCAR,10,0.05,1,0.0705,0.0705,0.0705,440,0,,34.3339,0.9164,C:\Users\daisl\Documents\Tullio\PARALLEL\MISSDC_EXPERIMENTS\data\boeing\MCAR\0.05\1\clean.csv,C:\Users\daisl\Documents\Tullio\PARALLEL\MISSDC_EXPERIMENTS\data\boeing\MCAR\0.05\1\dirty.csv,C:\Users\daisl\Documents\Tullio\PARALLEL\MISSDC_EXPERIMENTS\data\boeing\MCAR\0.05\1\dirty_imputed.csv,,
HYPERIMPUTE,2026-06-09T16:01:34,ok,boeing,MCAR,10,0.05,2,0.075,0.075,0.075,440,0,,35.2434,0.9509,C:\Users\daisl\Documents\Tullio\PARALLEL\MISSDC_EXPERIMENTS\data\boeing\MCAR\0.05\2\clean.csv,C:\Users\daisl\Documents\Tullio\PARALLEL\MISSDC_EXPERIMENTS\data\boeing\MCAR\0.05\2\dirty.csv,C:\Users\daisl\Documents\Tullio\PARALLEL\MISSDC_EXPERIMENTS\data\boeing\MCAR\0.05\2\dirty_imputed.csv,,
HYPERIMPUTE,2026-06-09T16:02:10,ok,boeing,MCAR,10,0.05,3,0.0659,0.0659,0.0659,440,0,,34.429,0.8389,C:\Users\daisl\Documents\Tullio\PARALLEL\MISSDC_EXPERIMENTS\data\boeing\MCAR\0.05\3\clean.csv,C:\Users\daisl\Documents\Tullio\PARALLEL\MISSDC_EXPERIMENTS\data\boeing\MCAR\0.05\3\dirty.csv,C:\Users\daisl\Documents\Tullio\PARALLEL\MISSDC_EXPERIMENTS\data\boeing\MCAR\0.05\3\dirty_imputed.csv,,
HYPERIMPUTE,2026-06-09T16:02:46,ok,boeing,MCAR,10,0.05,4,0.0795,0.0795,0.0795,440,0,,33.6178,0.9149,C:\Users\daisl\Documents\Tullio\PARALLEL\MISSDC_EXPERIMENTS\data\boeing\MCAR\0.05\4\clean.csv,C:\Users\daisl\Documents\Tullio\PARALLEL\MISSDC_EXPERIMENTS\data\boeing\MCAR\0.05\4\dirty.csv,C:\Users\daisl\Documents\Tullio\PARALLEL\MISSDC_EXPERIMENTS\data\boeing\MCAR\0.05\4\dirty_imputed.csv,,
HYPERIMPUTE,2026-06-09T16:03:20,ok,boeing,MCAR,10,0.05,5,0.0955,0.0955,0.0955,440,0,,34.6738,0.9508,C:\Users\daisl\Documents\Tullio\PARALLEL\MISSDC_EXPERIMENTS\data\boeing\MCAR\0.05\5\clean.csv,C:\Users\daisl\Documents\Tullio\PARALLEL\MISSDC_EXPERIMENTS\data\boeing\MCAR\0.05\5\dirty.csv,C:\Users\daisl\Documents\Tullio\PARALLEL\MISSDC_EXPERIMENTS\data\boeing\MCAR\0.05\5\dirty_imputed.csv,,
HYPERIMPUTE,2026-06-09T16:03:56,ok,boeing,MCAR,10,0.1,1,0.073,0.073,0.073,890,0,,35.5032,0.9634,C:\Users\daisl\Documents\Tullio\PARALLEL\MISSDC_EXPERIMENTS\data\boeing\MCAR\0.1\1\clean.csv,C:\Users\daisl\Documents\Tullio\PARALLEL\MISSDC_EXPERIMENTS\data\boeing\MCAR\0.1\1\dirty.csv,C:\Users\daisl\Documents\Tullio\PARALLEL\MISSDC_EXPERIMENTS\data\boeing\MCAR\0.1\1\dirty_imputed.csv,,
HYPERIMPUTE,2026-06-09T16:04:32,ok,boeing,MCAR,10,0.1,2,0.0876,0.0876,0.0876,890,0,,34.6615,0.9329,C:\Users\daisl\Documents\Tullio\PARALLEL\MISSDC_EXPERIMENTS\data\boeing\MCAR\0.1\2\clean.csv,C:\Users\daisl\Documents\Tullio\PARALLEL\MISSDC_EXPERIMENTS\data\boeing\MCAR\0.1\2\dirty.csv,C:\Users\daisl\Documents\Tullio\PARALLEL\MISSDC_EXPERIMENTS\data\boeing\MCAR\0.1\2\dirty_imputed.csv,,
HYPERIMPUTE,2026-06-09T16:05:08,ok,boeing,MCAR,10,0.1,3,0.0865,0.0865,0.0865,890,0,,35.3726,0.9031,C:\Users\daisl\Documents\Tullio\PARALLEL\MISSDC_EXPERIMENTS\data\boeing\MCAR\0.1\3\clean.csv,C:\Users\daisl\Documents\Tullio\PARALLEL\MISSDC_EXPERIMENTS\data\boeing\MCAR\0.1\3\dirty.csv,C:\Users\daisl\Documents\Tullio\PARALLEL\MISSDC_EXPERIMENTS\data\boeing\MCAR\0.1\3\dirty_imputed.csv,,
HYPERIMPUTE,2026-06-09T16:05:44,ok,boeing,MCAR,10,0.1,4,0.0831,0.0831,0.0831,890,0,,34.5754,0.9287,C:\Users\daisl\Documents\Tullio\PARALLEL\MISSDC_EXPERIMENTS\data\boeing\MCAR\0.1\4\clean.csv,C:\Users\daisl\Documents\Tullio\PARALLEL\MISSDC_EXPERIMENTS\data\boeing\MCAR\0.1\4\dirty.csv,C:\Users\daisl\Documents\Tullio\PARALLEL\MISSDC_EXPERIMENTS\data\boeing\MCAR\0.1\4\dirty_imputed.csv,,
HYPERIMPUTE,2026-06-09T16:06:20,ok,boeing,MCAR,10,0.1,5,0.0944,0.0944,0.0944,890,0,,36.1685,0.8997,C:\Users\daisl\Documents\Tullio\PARALLEL\MISSDC_EXPERIMENTS\data\boeing\MCAR\0.1\5\clean.csv,C:\Users\daisl\Documents\Tullio\PARALLEL\MISSDC_EXPERIMENTS\data\boeing\MCAR\0.1\5\dirty.csv,C:\Users\daisl\Documents\Tullio\PARALLEL\MISSDC_EXPERIMENTS\data\boeing\MCAR\0.1\5\dirty_imputed.csv,,
HYPERIMPUTE,2026-06-09T16:06:57,ok,boeing,MCAR,10,0.15,1,0.0933,0.0933,0.0933,1340,0,,38.6455,0.9598,C:\Users\daisl\Documents\Tullio\PARALLEL\MISSDC_EXPERIMENTS\data\boeing\MCAR\0.15\1\clean.csv,C:\Users\daisl\Documents\Tullio\PARALLEL\MISSDC_EXPERIMENTS\data\boeing\MCAR\0.15\1\dirty.csv,C:\Users\daisl\Documents\Tullio\PARALLEL\MISSDC_EXPERIMENTS\data\boeing\MCAR\0.15\1\dirty_imputed.csv,,
HYPERIMPUTE,2026-06-09T16:07:36,ok,boeing,MCAR,10,0.15,2,0.0754,0.0754,0.0754,1340,0,,35.3406,0.9418,C:\Users\daisl\Documents\Tullio\PARALLEL\MISSDC_EXPERIMENTS\data\boeing\MCAR\0.15\2\clean.csv,C:\Users\daisl\Documents\Tullio\PARALLEL\MISSDC_EXPERIMENTS\data\boeing\MCAR\0.15\2\dirty.csv,C:\Users\daisl\Documents\Tullio\PARALLEL\MISSDC_EXPERIMENTS\data\boeing\MCAR\0.15\2\dirty_imputed.csv,,
HYPERIMPUTE,2026-06-09T16:08:13,ok,boeing,MCAR,10,0.15,3,0.0896,0.0896,0.0896,1340,0,,32.4642,0.9336,C:\Users\daisl\Documents\Tullio\PARALLEL\MISSDC_EXPERIMENTS\data\boeing\MCAR\0.15\3\clean.csv,C:\Users\daisl\Documents\Tullio\PARALLEL\MISSDC_EXPERIMENTS\data\boeing\MCAR\0.15\3\dirty.csv,C:\Users\daisl\Documents\Tullio\PARALLEL\MISSDC_EXPERIMENTS\data\boeing\MCAR\0.15\3\dirty_imputed.csv,,
HYPERIMPUTE,2026-06-09T16:08:46,ok,boeing,MCAR,10,0.15,4,0.0948,0.0948,0.0948,1340,0,,35.4177,0.95,C:\Users\daisl\Documents\Tullio\PARALLEL\MISSDC_EXPERIMENTS\data\boeing\MCAR\0.15\4\clean.csv,C:\Users\daisl\Documents\Tullio\PARALLEL\MISSDC_EXPERIMENTS\data\boeing\MCAR\0.15\4\dirty.csv,C:\Users\daisl\Documents\Tullio\PARALLEL\MISSDC_EXPERIMENTS\data\boeing\MCAR\0.15\4\dirty_imputed.csv,,
HYPERIMPUTE,2026-06-09T16:09:22,ok,boeing,MCAR,10,0.15,5,0.0746,0.0746,0.0746,1340,0,,37.3426,1.0515,C:\Users\daisl\Documents\Tullio\PARALLEL\MISSDC_EXPERIMENTS\data\boeing\MCAR\0.15\5\clean.csv,C:\Users\daisl\Documents\Tullio\PARALLEL\MISSDC_EXPERIMENTS\data\boeing\MCAR\0.15\5\dirty.csv,C:\Users\daisl\Documents\Tullio\PARALLEL\MISSDC_EXPERIMENTS\data\boeing\MCAR\0.15\5\dirty_imputed.csv,,
HYPERIMPUTE,2026-06-09T16:10:01,ok,boeing,MCAR,10,0.2,1,0.0799,0.0799,0.0799,1790,0,,37.9089,0.9297,C:\Users\daisl\Documents\Tullio\PARALLEL\MISSDC_EXPERIMENTS\data\boeing\MCAR\0.2\1\clean.csv,C:\Users\daisl\Documents\Tullio\PARALLEL\MISSDC_EXPERIMENTS\data\boeing\MCAR\0.2\1\dirty.csv,C:\Users\daisl\Documents\Tullio\PARALLEL\MISSDC_EXPERIMENTS\data\boeing\MCAR\0.2\1\dirty_imputed.csv,,
HYPERIMPUTE,2026-06-09T16:10:40,ok,boeing,MCAR,10,0.2,2,0.0816,0.0816,0.0816,1790,0,,36.3487,0.9989,C:\Users\daisl\Documents\Tullio\PARALLEL\MISSDC_EXPERIMENTS\data\boeing\MCAR\0.2\2\clean.csv,C:\Users\daisl\Documents\Tullio\PARALLEL\MISSDC_EXPERIMENTS\data\boeing\MCAR\0.2\2\dirty.csv,C:\Users\daisl\Documents\Tullio\PARALLEL\MISSDC_EXPERIMENTS\data\boeing\MCAR\0.2\2\dirty_imputed.csv,,
HYPERIMPUTE,2026-06-09T16:11:17,ok,boeing,MCAR,10,0.2,3,0.0726,0.0726,0.0726,1790,0,,38.7765,0.9939,C:\Users\daisl\Documents\Tullio\PARALLEL\MISSDC_EXPERIMENTS\data\boeing\MCAR\0.2\3\clean.csv,C:\Users\daisl\Documents\Tullio\PARALLEL\MISSDC_EXPERIMENTS\data\boeing\MCAR\0.2\3\dirty.csv,C:\Users\daisl\Documents\Tullio\PARALLEL\MISSDC_EXPERIMENTS\data\boeing\MCAR\0.2\3\dirty_imputed.csv,,
HYPERIMPUTE,2026-06-09T16:11:57,ok,boeing,MCAR,10,0.2,4,0.0804,0.0804,0.0804,1790,0,,38.2515,0.968,C:\Users\daisl\Documents\Tullio\PARALLEL\MISSDC_EXPERIMENTS\data\boeing\MCAR\0.2\4\clean.csv,C:\Users\daisl\Documents\Tullio\PARALLEL\MISSDC_EXPERIMENTS\data\boeing\MCAR\0.2\4\dirty.csv,C:\Users\daisl\Documents\Tullio\PARALLEL\MISSDC_EXPERIMENTS\data\boeing\MCAR\0.2\4\dirty_imputed.csv,,
HYPERIMPUTE,2026-06-09T16:12:36,ok,boeing,MCAR,10,0.2,5,0.076,0.076,0.076,1790,0,,34.0433,0.978,C:\Users\daisl\Documents\Tullio\PARALLEL\MISSDC_EXPERIMENTS\data\boeing\MCAR\0.2\5\clean.csv,C:\Users\daisl\Documents\Tullio\PARALLEL\MISSDC_EXPERIMENTS\data\boeing\MCAR\0.2\5\dirty.csv,C:\Users\daisl\Documents\Tullio\PARALLEL\MISSDC_EXPERIMENTS\data\boeing\MCAR\0.2\5\dirty_imputed.csv,,
HYPERIMPUTE,2026-06-09T16:13:11,ok,boeing,MCAR,10,0.25,1,0.0835,0.0835,0.0835,2240,0,,37.9961,0.9752,C:\Users\daisl\Documents\Tullio\PARALLEL\MISSDC_EXPERIMENTS\data\boeing\MCAR\0.25\1\clean.csv,C:\Users\daisl\Documents\Tullio\PARALLEL\MISSDC_EXPERIMENTS\data\boeing\MCAR\0.25\1\dirty.csv,C:\Users\daisl\Documents\Tullio\PARALLEL\MISSDC_EXPERIMENTS\data\boeing\MCAR\0.25\1\dirty_imputed.csv,,
HYPERIMPUTE,2026-06-09T16:13:50,ok,boeing,MCAR,10,0.25,2,0.0897,0.0897,0.0897,2240,0,,37.8087,1.0247,C:\Users\daisl\Documents\Tullio\PARALLEL\MISSDC_EXPERIMENTS\data\boeing\MCAR\0.25\2\clean.csv,C:\Users\daisl\Documents\Tullio\PARALLEL\MISSDC_EXPERIMENTS\data\boeing\MCAR\0.25\2\dirty.csv,C:\Users\daisl\Documents\Tullio\PARALLEL\MISSDC_EXPERIMENTS\data\boeing\MCAR\0.25\2\dirty_imputed.csv,,
HYPERIMPUTE,2026-06-09T16:14:29,ok,boeing,MCAR,10,0.25,3,0.083,0.083,0.083,2240,0,,39.3083,0.9963,C:\Users\daisl\Documents\Tullio\PARALLEL\MISSDC_EXPERIMENTS\data\boeing\MCAR\0.25\3\clean.csv,C:\Users\daisl\Documents\Tullio\PARALLEL\MISSDC_EXPERIMENTS\data\boeing\MCAR\0.25\3\dirty.csv,C:\Users\daisl\Documents\Tullio\PARALLEL\MISSDC_EXPERIMENTS\data\boeing\MCAR\0.25\3\dirty_imputed.csv,,
HYPERIMPUTE,2026-06-09T16:15:09,ok,boeing,MCAR,10,0.25,4,0.0844,0.0844,0.0844,2240,0,,38.8128,0.9524,C:\Users\daisl\Documents\Tullio\PARALLEL\MISSDC_EXPERIMENTS\data\boeing\MCAR\0.25\4\clean.csv,C:\Users\daisl\Documents\Tullio\PARALLEL\MISSDC_EXPERIMENTS\data\boeing\MCAR\0.25\4\dirty.csv,C:\Users\daisl\Documents\Tullio\PARALLEL\MISSDC_EXPERIMENTS\data\boeing\MCAR\0.25\4\dirty_imputed.csv,,
HYPERIMPUTE,2026-06-09T16:15:49,ok,boeing,MCAR,10,0.25,5,0.0857,0.0857,0.0857,2240,0,,40.4715,0.9709,C:\Users\daisl\Documents\Tullio\PARALLEL\MISSDC_EXPERIMENTS\data\boeing\MCAR\0.25\5\clean.csv,C:\Users\daisl\Documents\Tullio\PARALLEL\MISSDC_EXPERIMENTS\data\boeing\MCAR\0.25\5\dirty.csv,C:\Users\daisl\Documents\Tullio\PARALLEL\MISSDC_EXPERIMENTS\data\boeing\MCAR\0.25\5\dirty_imputed.csv,,
HYPERIMPUTE,2026-06-09T16:16:31,ok,boeing,MCAR,10,0.3,1,0.0818,0.0818,0.0818,2690,0,,40.2847,1.0217,C:\Users\daisl\Documents\Tullio\PARALLEL\MISSDC_EXPERIMENTS\data\boeing\MCAR\0.3\1\clean.csv,C:\Users\daisl\Documents\Tullio\PARALLEL\MISSDC_EXPERIMENTS\data\boeing\MCAR\0.3\1\dirty.csv,C:\Users\daisl\Documents\Tullio\PARALLEL\MISSDC_EXPERIMENTS\data\boeing\MCAR\0.3\1\dirty_imputed.csv,,
HYPERIMPUTE,2026-06-09T16:17:12,ok,boeing,MCAR,10,0.3,2,0.1074,0.1074,0.1074,2690,0,,36.0462,0.9831,C:\Users\daisl\Documents\Tullio\PARALLEL\MISSDC_EXPERIMENTS\data\boeing\MCAR\0.3\2\clean.csv,C:\Users\daisl\Documents\Tullio\PARALLEL\MISSDC_EXPERIMENTS\data\boeing\MCAR\0.3\2\dirty.csv,C:\Users\daisl\Documents\Tullio\PARALLEL\MISSDC_EXPERIMENTS\data\boeing\MCAR\0.3\2\dirty_imputed.csv,,
HYPERIMPUTE,2026-06-09T16:17:49,ok,boeing,MCAR,10,0.3,3,0.081,0.081,0.081,2690,0,,43.5082,0.9842,C:\Users\daisl\Documents\Tullio\PARALLEL\MISSDC_EXPERIMENTS\data\boeing\MCAR\0.3\3\clean.csv,C:\Users\daisl\Documents\Tullio\PARALLEL\MISSDC_EXPERIMENTS\data\boeing\MCAR\0.3\3\dirty.csv,C:\Users\daisl\Documents\Tullio\PARALLEL\MISSDC_EXPERIMENTS\data\boeing\MCAR\0.3\3\dirty_imputed.csv,,
HYPERIMPUTE,2026-06-09T16:18:33,ok,boeing,MCAR,10,0.3,4,0.0799,0.0799,0.0799,2690,0,,42.8135,1.0133,C:\Users\daisl\Documents\Tullio\PARALLEL\MISSDC_EXPERIMENTS\data\boeing\MCAR\0.3\4\clean.csv,C:\Users\daisl\Documents\Tullio\PARALLEL\MISSDC_EXPERIMENTS\data\boeing\MCAR\0.3\4\dirty.csv,C:\Users\daisl\Documents\Tullio\PARALLEL\MISSDC_EXPERIMENTS\data\boeing\MCAR\0.3\4\dirty_imputed.csv,,
HYPERIMPUTE,2026-06-09T16:19:17,ok,boeing,MCAR,10,0.3,5,0.0881,0.0881,0.0881,2690,0,,38.64,0.9645,C:\Users\daisl\Documents\Tullio\PARALLEL\MISSDC_EXPERIMENTS\data\boeing\MCAR\0.3\5\clean.csv,C:\Users\daisl\Documents\Tullio\PARALLEL\MISSDC_EXPERIMENTS\data\boeing\MCAR\0.3\5\dirty.csv,C:\Users\daisl\Documents\Tullio\PARALLEL\MISSDC_EXPERIMENTS\data\boeing\MCAR\0.3\5\dirty_imputed.csv,,
HYPERIMPUTE,2026-06-09T16:19:57,ok,boeing,MNAR,10,0.01,1,0.1,0.1,0.1,80,0,,31.0647,0.7715,C:\Users\daisl\Documents\Tullio\PARALLEL\MISSDC_EXPERIMENTS\data\boeing\MNAR\0.01\1\clean.csv,C:\Users\daisl\Documents\Tullio\PARALLEL\MISSDC_EXPERIMENTS\data\boeing\MNAR\0.01\1\dirty.csv,C:\Users\daisl\Documents\Tullio\PARALLEL\MISSDC_EXPERIMENTS\data\boeing\MNAR\0.01\1\dirty_imputed.csv,,
HYPERIMPUTE,2026-06-09T16:20:29,ok,boeing,MNAR,10,0.01,2,0.1,0.1,0.1,80,0,,30.8062,0.7785,C:\Users\daisl\Documents\Tullio\PARALLEL\MISSDC_EXPERIMENTS\data\boeing\MNAR\0.01\2\clean.csv,C:\Users\daisl\Documents\Tullio\PARALLEL\MISSDC_EXPERIMENTS\data\boeing\MNAR\0.01\2\dirty.csv,C:\Users\daisl\Documents\Tullio\PARALLEL\MISSDC_EXPERIMENTS\data\boeing\MNAR\0.01\2\dirty_imputed.csv,,
HYPERIMPUTE,2026-06-09T16:21:00,ok,boeing,MNAR,10,0.01,3,0.1,0.1,0.1,80,0,,27.7045,0.7939,C:\Users\daisl\Documents\Tullio\PARALLEL\MISSDC_EXPERIMENTS\data\boeing\MNAR\0.01\3\clean.csv,C:\Users\daisl\Documents\Tullio\PARALLEL\MISSDC_EXPERIMENTS\data\boeing\MNAR\0.01\3\dirty.csv,C:\Users\daisl\Documents\Tullio\PARALLEL\MISSDC_EXPERIMENTS\data\boeing\MNAR\0.01\3\dirty_imputed.csv,,
HYPERIMPUTE,2026-06-09T16:21:29,ok,boeing,MNAR,10,0.01,4,0.0,0.0,0.0,80,0,,26.9413,0.7465,C:\Users\daisl\Documents\Tullio\PARALLEL\MISSDC_EXPERIMENTS\data\boeing\MNAR\0.01\4\clean.csv,C:\Users\daisl\Documents\Tullio\PARALLEL\MISSDC_EXPERIMENTS\data\boeing\MNAR\0.01\4\dirty.csv,C:\Users\daisl\Documents\Tullio\PARALLEL\MISSDC_EXPERIMENTS\data\boeing\MNAR\0.01\4\dirty_imputed.csv,,
HYPERIMPUTE,2026-06-09T16:21:57,ok,boeing,MNAR,10,0.01,5,0.0875,0.0875,0.0875,80,0,,27.3215,0.7442,C:\Users\daisl\Documents\Tullio\PARALLEL\MISSDC_EXPERIMENTS\data\boeing\MNAR\0.01\5\clean.csv,C:\Users\daisl\Documents\Tullio\PARALLEL\MISSDC_EXPERIMENTS\data\boeing\MNAR\0.01\5\dirty.csv,C:\Users\daisl\Documents\Tullio\PARALLEL\MISSDC_EXPERIMENTS\data\boeing\MNAR\0.01\5\dirty_imputed.csv,,
HYPERIMPUTE,2026-06-09T16:22:25,ok,boeing,MNAR,10,0.05,1,0.1,0.1,0.1,440,0,,27.7122,0.7737,C:\Users\daisl\Documents\Tullio\PARALLEL\MISSDC_EXPERIMENTS\data\boeing\MNAR\0.05\1\clean.csv,C:\Users\daisl\Documents\Tullio\PARALLEL\MISSDC_EXPERIMENTS\data\boeing\MNAR\0.05\1\dirty.csv,C:\Users\daisl\Documents\Tullio\PARALLEL\MISSDC_EXPERIMENTS\data\boeing\MNAR\0.05\1\dirty_imputed.csv,,
HYPERIMPUTE,2026-06-09T16:22:53,ok,boeing,MNAR,10,0.05,2,0.1136,0.1136,0.1136,440,0,,29.9727,0.7795,C:\Users\daisl\Documents\Tullio\PARALLEL\MISSDC_EXPERIMENTS\data\boeing\MNAR\0.05\2\clean.csv,C:\Users\daisl\Documents\Tullio\PARALLEL\MISSDC_EXPERIMENTS\data\boeing\MNAR\0.05\2\dirty.csv,C:\Users\daisl\Documents\Tullio\PARALLEL\MISSDC_EXPERIMENTS\data\boeing\MNAR\0.05\2\dirty_imputed.csv,,
HYPERIMPUTE,2026-06-09T16:23:24,ok,boeing,MNAR,10,0.05,3,0.1,0.1,0.1,440,0,,27.1719,0.8368,C:\Users\daisl\Documents\Tullio\PARALLEL\MISSDC_EXPERIMENTS\data\boeing\MNAR\0.05\3\clean.csv,C:\Users\daisl\Documents\Tullio\PARALLEL\MISSDC_EXPERIMENTS\data\boeing\MNAR\0.05\3\dirty.csv,C:\Users\daisl\Documents\Tullio\PARALLEL\MISSDC_EXPERIMENTS\data\boeing\MNAR\0.05\3\dirty_imputed.csv,,
HYPERIMPUTE,2026-06-09T16:23:52,ok,boeing,MNAR,10,0.05,4,0.0,0.0,0.0,440,0,,26.913,0.8336,C:\Users\daisl\Documents\Tullio\PARALLEL\MISSDC_EXPERIMENTS\data\boeing\MNAR\0.05\4\clean.csv,C:\Users\daisl\Documents\Tullio\PARALLEL\MISSDC_EXPERIMENTS\data\boeing\MNAR\0.05\4\dirty.csv,C:\Users\daisl\Documents\Tullio\PARALLEL\MISSDC_EXPERIMENTS\data\boeing\MNAR\0.05\4\dirty_imputed.csv,,
HYPERIMPUTE,2026-06-09T16:24:20,ok,boeing,MNAR,10,0.05,5,0.1,0.1,0.1,440,0,,27.0169,0.7801,C:\Users\daisl\Documents\Tullio\PARALLEL\MISSDC_EXPERIMENTS\data\boeing\MNAR\0.05\5\clean.csv,C:\Users\daisl\Documents\Tullio\PARALLEL\MISSDC_EXPERIMENTS\data\boeing\MNAR\0.05\5\dirty.csv,C:\Users\daisl\Documents\Tullio\PARALLEL\MISSDC_EXPERIMENTS\data\boeing\MNAR\0.05\5\dirty_imputed.csv,,
HYPERIMPUTE,2026-06-09T16:24:47,ok,boeing,MNAR,10,0.1,1,0.0315,0.0315,0.0315,890,0,,26.9634,0.7991,C:\Users\daisl\Documents\Tullio\PARALLEL\MISSDC_EXPERIMENTS\data\boeing\MNAR\0.1\1\clean.csv,C:\Users\daisl\Documents\Tullio\PARALLEL\MISSDC_EXPERIMENTS\data\boeing\MNAR\0.1\1\dirty.csv,C:\Users\daisl\Documents\Tullio\PARALLEL\MISSDC_EXPERIMENTS\data\boeing\MNAR\0.1\1\dirty_imputed.csv,,
HYPERIMPUTE,2026-06-09T16:25:15,ok,boeing,MNAR,10,0.1,2,0.0,0.0,0.0,890,0,,26.3196,0.7752,C:\Users\daisl\Documents\Tullio\PARALLEL\MISSDC_EXPERIMENTS\data\boeing\MNAR\0.1\2\clean.csv,C:\Users\daisl\Documents\Tullio\PARALLEL\MISSDC_EXPERIMENTS\data\boeing\MNAR\0.1\2\dirty.csv,C:\Users\daisl\Documents\Tullio\PARALLEL\MISSDC_EXPERIMENTS\data\boeing\MNAR\0.1\2\dirty_imputed.csv,,
HYPERIMPUTE,2026-06-09T16:25:42,ok,boeing,MNAR,10,0.1,3,0.0146,0.0146,0.0146,890,0,,26.5725,0.7939,C:\Users\daisl\Documents\Tullio\PARALLEL\MISSDC_EXPERIMENTS\data\boeing\MNAR\0.1\3\clean.csv,C:\Users\daisl\Documents\Tullio\PARALLEL\MISSDC_EXPERIMENTS\data\boeing\MNAR\0.1\3\dirty.csv,C:\Users\daisl\Documents\Tullio\PARALLEL\MISSDC_EXPERIMENTS\data\boeing\MNAR\0.1\3\dirty_imputed.csv,,
HYPERIMPUTE,2026-06-09T16:26:10,ok,boeing,MNAR,10,0.1,4,0.218,0.218,0.218,890,0,,29.8571,0.7737,C:\Users\daisl\Documents\Tullio\PARALLEL\MISSDC_EXPERIMENTS\data\boeing\MNAR\0.1\4\clean.csv,C:\Users\daisl\Documents\Tullio\PARALLEL\MISSDC_EXPERIMENTS\data\boeing\MNAR\0.1\4\dirty.csv,C:\Users\daisl\Documents\Tullio\PARALLEL\MISSDC_EXPERIMENTS\data\boeing\MNAR\0.1\4\dirty_imputed.csv,,
HYPERIMPUTE,2026-06-09T16:26:40,ok,boeing,MNAR,10,0.1,5,0.2461,0.2461,0.2461,890,0,,30.2337,0.8289,C:\Users\daisl\Documents\Tullio\PARALLEL\MISSDC_EXPERIMENTS\data\boeing\MNAR\0.1\5\clean.csv,C:\Users\daisl\Documents\Tullio\PARALLEL\MISSDC_EXPERIMENTS\data\boeing\MNAR\0.1\5\dirty.csv,C:\Users\daisl\Documents\Tullio\PARALLEL\MISSDC_EXPERIMENTS\data\boeing\MNAR\0.1\5\dirty_imputed.csv,,
HYPERIMPUTE,2026-06-09T16:27:11,ok,boeing,MNAR,10,0.15,1,0.0754,0.0754,0.0754,1340,0,,28.6777,0.7544,C:\Users\daisl\Documents\Tullio\PARALLEL\MISSDC_EXPERIMENTS\data\boeing\MNAR\0.15\1\clean.csv,C:\Users\daisl\Documents\Tullio\PARALLEL\MISSDC_EXPERIMENTS\data\boeing\MNAR\0.15\1\dirty.csv,C:\Users\daisl\Documents\Tullio\PARALLEL\MISSDC_EXPERIMENTS\data\boeing\MNAR\0.15\1\dirty_imputed.csv,,
HYPERIMPUTE,2026-06-09T16:27:41,ok,boeing,MNAR,10,0.15,2,0.0821,0.0821,0.0821,1340,0,,24.7135,0.7764,C:\Users\daisl\Documents\Tullio\PARALLEL\MISSDC_EXPERIMENTS\data\boeing\MNAR\0.15\2\clean.csv,C:\Users\daisl\Documents\Tullio\PARALLEL\MISSDC_EXPERIMENTS\data\boeing\MNAR\0.15\2\dirty.csv,C:\Users\daisl\Documents\Tullio\PARALLEL\MISSDC_EXPERIMENTS\data\boeing\MNAR\0.15\2\dirty_imputed.csv,,
HYPERIMPUTE,2026-06-09T16:28:06,ok,boeing,MNAR,10,0.15,3,0.1209,0.1209,0.1209,1340,0,,29.3402,0.9701,C:\Users\daisl\Documents\Tullio\PARALLEL\MISSDC_EXPERIMENTS\data\boeing\MNAR\0.15\3\clean.csv,C:\Users\daisl\Documents\Tullio\PARALLEL\MISSDC_EXPERIMENTS\data\boeing\MNAR\0.15\3\dirty.csv,C:\Users\daisl\Documents\Tullio\PARALLEL\MISSDC_EXPERIMENTS\data\boeing\MNAR\0.15\3\dirty_imputed.csv,,
HYPERIMPUTE,2026-06-09T16:28:37,ok,boeing,MNAR,10,0.15,4,0.0306,0.0306,0.0306,1340,0,,25.1077,0.7936,C:\Users\daisl\Documents\Tullio\PARALLEL\MISSDC_EXPERIMENTS\data\boeing\MNAR\0.15\4\clean.csv,C:\Users\daisl\Documents\Tullio\PARALLEL\MISSDC_EXPERIMENTS\data\boeing\MNAR\0.15\4\dirty.csv,C:\Users\daisl\Documents\Tullio\PARALLEL\MISSDC_EXPERIMENTS\data\boeing\MNAR\0.15\4\dirty_imputed.csv,,
HYPERIMPUTE,2026-06-09T16:29:03,ok,boeing,MNAR,10,0.15,5,0.1567,0.1567,0.1567,1340,0,,31.3383,0.8604,C:\Users\daisl\Documents\Tullio\PARALLEL\MISSDC_EXPERIMENTS\data\boeing\MNAR\0.15\5\clean.csv,C:\Users\daisl\Documents\Tullio\PARALLEL\MISSDC_EXPERIMENTS\data\boeing\MNAR\0.15\5\dirty.csv,C:\Users\daisl\Documents\Tullio\PARALLEL\MISSDC_EXPERIMENTS\data\boeing\MNAR\0.15\5\dirty_imputed.csv,,
HYPERIMPUTE,2026-06-09T16:29:35,ok,boeing,MNAR,10,0.2,1,0.1598,0.1598,0.1598,1790,0,,27.6586,0.8552,C:\Users\daisl\Documents\Tullio\PARALLEL\MISSDC_EXPERIMENTS\data\boeing\MNAR\0.2\1\clean.csv,C:\Users\daisl\Documents\Tullio\PARALLEL\MISSDC_EXPERIMENTS\data\boeing\MNAR\0.2\1\dirty.csv,C:\Users\daisl\Documents\Tullio\PARALLEL\MISSDC_EXPERIMENTS\data\boeing\MNAR\0.2\1\dirty_imputed.csv,,
HYPERIMPUTE,2026-06-09T16:30:03,ok,boeing,MNAR,10,0.2,2,0.0553,0.0553,0.0553,1790,0,,29.2487,0.9975,C:\Users\daisl\Documents\Tullio\PARALLEL\MISSDC_EXPERIMENTS\data\boeing\MNAR\0.2\2\clean.csv,C:\Users\daisl\Documents\Tullio\PARALLEL\MISSDC_EXPERIMENTS\data\boeing\MNAR\0.2\2\dirty.csv,C:\Users\daisl\Documents\Tullio\PARALLEL\MISSDC_EXPERIMENTS\data\boeing\MNAR\0.2\2\dirty_imputed.csv,,
HYPERIMPUTE,2026-06-09T16:30:34,ok,boeing,MNAR,10,0.2,3,0.0944,0.0944,0.0944,1790,0,,33.8005,0.9781,C:\Users\daisl\Documents\Tullio\PARALLEL\MISSDC_EXPERIMENTS\data\boeing\MNAR\0.2\3\clean.csv,C:\Users\daisl\Documents\Tullio\PARALLEL\MISSDC_EXPERIMENTS\data\boeing\MNAR\0.2\3\dirty.csv,C:\Users\daisl\Documents\Tullio\PARALLEL\MISSDC_EXPERIMENTS\data\boeing\MNAR\0.2\3\dirty_imputed.csv,,
HYPERIMPUTE,2026-06-09T16:31:08,ok,boeing,MNAR,10,0.2,4,0.0207,0.0207,0.0207,1790,0,,33.4882,0.7348,C:\Users\daisl\Documents\Tullio\PARALLEL\MISSDC_EXPERIMENTS\data\boeing\MNAR\0.2\4\clean.csv,C:\Users\daisl\Documents\Tullio\PARALLEL\MISSDC_EXPERIMENTS\data\boeing\MNAR\0.2\4\dirty.csv,C:\Users\daisl\Documents\Tullio\PARALLEL\MISSDC_EXPERIMENTS\data\boeing\MNAR\0.2\4\dirty_imputed.csv,,
HYPERIMPUTE,2026-06-09T16:31:43,ok,boeing,MNAR,10,0.2,5,0.0983,0.0983,0.0983,1790,0,,31.8241,1.0164,C:\Users\daisl\Documents\Tullio\PARALLEL\MISSDC_EXPERIMENTS\data\boeing\MNAR\0.2\5\clean.csv,C:\Users\daisl\Documents\Tullio\PARALLEL\MISSDC_EXPERIMENTS\data\boeing\MNAR\0.2\5\dirty.csv,C:\Users\daisl\Documents\Tullio\PARALLEL\MISSDC_EXPERIMENTS\data\boeing\MNAR\0.2\5\dirty_imputed.csv,,
HYPERIMPUTE,2026-06-09T16:32:15,ok,boeing,MNAR,10,0.25,1,0.1134,0.1134,0.1134,2240,0,,33.6035,1.0279,C:\Users\daisl\Documents\Tullio\PARALLEL\MISSDC_EXPERIMENTS\data\boeing\MNAR\0.25\1\clean.csv,C:\Users\daisl\Documents\Tullio\PARALLEL\MISSDC_EXPERIMENTS\data\boeing\MNAR\0.25\1\dirty.csv,C:\Users\daisl\Documents\Tullio\PARALLEL\MISSDC_EXPERIMENTS\data\boeing\MNAR\0.25\1\dirty_imputed.csv,,
HYPERIMPUTE,2026-06-09T16:32:50,ok,boeing,MNAR,10,0.25,2,0.042,0.042,0.042,2240,0,,34.9681,1.0101,C:\Users\daisl\Documents\Tullio\PARALLEL\MISSDC_EXPERIMENTS\data\boeing\MNAR\0.25\2\clean.csv,C:\Users\daisl\Documents\Tullio\PARALLEL\MISSDC_EXPERIMENTS\data\boeing\MNAR\0.25\2\dirty.csv,C:\Users\daisl\Documents\Tullio\PARALLEL\MISSDC_EXPERIMENTS\data\boeing\MNAR\0.25\2\dirty_imputed.csv,,
HYPERIMPUTE,2026-06-09T16:33:26,ok,boeing,MNAR,10,0.25,3,0.0134,0.0134,0.0134,2240,0,,31.0071,0.9799,C:\Users\daisl\Documents\Tullio\PARALLEL\MISSDC_EXPERIMENTS\data\boeing\MNAR\0.25\3\clean.csv,C:\Users\daisl\Documents\Tullio\PARALLEL\MISSDC_EXPERIMENTS\data\boeing\MNAR\0.25\3\dirty.csv,C:\Users\daisl\Documents\Tullio\PARALLEL\MISSDC_EXPERIMENTS\data\boeing\MNAR\0.25\3\dirty_imputed.csv,,
HYPERIMPUTE,2026-06-09T16:33:58,ok,boeing,MNAR,10,0.25,4,0.0839,0.0839,0.0839,2240,0,,31.4146,0.9927,C:\Users\daisl\Documents\Tullio\PARALLEL\MISSDC_EXPERIMENTS\data\boeing\MNAR\0.25\4\clean.csv,C:\Users\daisl\Documents\Tullio\PARALLEL\MISSDC_EXPERIMENTS\data\boeing\MNAR\0.25\4\dirty.csv,C:\Users\daisl\Documents\Tullio\PARALLEL\MISSDC_EXPERIMENTS\data\boeing\MNAR\0.25\4\dirty_imputed.csv,,
HYPERIMPUTE,2026-06-09T16:34:31,ok,boeing,MNAR,10,0.25,5,0.1129,0.1129,0.1129,2240,0,,38.7823,1.1828,C:\Users\daisl\Documents\Tullio\PARALLEL\MISSDC_EXPERIMENTS\data\boeing\MNAR\0.25\5\clean.csv,C:\Users\daisl\Documents\Tullio\PARALLEL\MISSDC_EXPERIMENTS\data\boeing\MNAR\0.25\5\dirty.csv,C:\Users\daisl\Documents\Tullio\PARALLEL\MISSDC_EXPERIMENTS\data\boeing\MNAR\0.25\5\dirty_imputed.csv,,
HYPERIMPUTE,2026-06-09T16:35:11,ok,boeing,MNAR,10,0.3,1,0.0569,0.0569,0.0569,2690,0,,32.4428,0.9732,C:\Users\daisl\Documents\Tullio\PARALLEL\MISSDC_EXPERIMENTS\data\boeing\MNAR\0.3\1\clean.csv,C:\Users\daisl\Documents\Tullio\PARALLEL\MISSDC_EXPERIMENTS\data\boeing\MNAR\0.3\1\dirty.csv,C:\Users\daisl\Documents\Tullio\PARALLEL\MISSDC_EXPERIMENTS\data\boeing\MNAR\0.3\1\dirty_imputed.csv,,
HYPERIMPUTE,2026-06-09T16:35:44,ok,boeing,MNAR,10,0.3,2,0.0323,0.0323,0.0323,2690,0,,32.8596,0.9915,C:\Users\daisl\Documents\Tullio\PARALLEL\MISSDC_EXPERIMENTS\data\boeing\MNAR\0.3\2\clean.csv,C:\Users\daisl\Documents\Tullio\PARALLEL\MISSDC_EXPERIMENTS\data\boeing\MNAR\0.3\2\dirty.csv,C:\Users\daisl\Documents\Tullio\PARALLEL\MISSDC_EXPERIMENTS\data\boeing\MNAR\0.3\2\dirty_imputed.csv,,
HYPERIMPUTE,2026-06-09T16:36:18,ok,boeing,MNAR,10,0.3,3,0.0755,0.0755,0.0755,2690,0,,33.755,1.0183,C:\Users\daisl\Documents\Tullio\PARALLEL\MISSDC_EXPERIMENTS\data\boeing\MNAR\0.3\3\clean.csv,C:\Users\daisl\Documents\Tullio\PARALLEL\MISSDC_EXPERIMENTS\data\boeing\MNAR\0.3\3\dirty.csv,C:\Users\daisl\Documents\Tullio\PARALLEL\MISSDC_EXPERIMENTS\data\boeing\MNAR\0.3\3\dirty_imputed.csv,,
HYPERIMPUTE,2026-06-09T16:36:53,ok,boeing,MNAR,10,0.3,4,0.0777,0.0777,0.0777,2690,0,,36.8369,0.9675,C:\Users\daisl\Documents\Tullio\PARALLEL\MISSDC_EXPERIMENTS\data\boeing\MNAR\0.3\4\clean.csv,C:\Users\daisl\Documents\Tullio\PARALLEL\MISSDC_EXPERIMENTS\data\boeing\MNAR\0.3\4\dirty.csv,C:\Users\daisl\Documents\Tullio\PARALLEL\MISSDC_EXPERIMENTS\data\boeing\MNAR\0.3\4\dirty_imputed.csv,,
HYPERIMPUTE,2026-06-09T16:37:30,ok,boeing,MNAR,10,0.3,5,0.0721,0.0721,0.0721,2690,0,,31.9624,0.9715,C:\Users\daisl\Documents\Tullio\PARALLEL\MISSDC_EXPERIMENTS\data\boeing\MNAR\0.3\5\clean.csv,C:\Users\daisl\Documents\Tullio\PARALLEL\MISSDC_EXPERIMENTS\data\boeing\MNAR\0.3\5\dirty.csv,C:\Users\daisl\Documents\Tullio\PARALLEL\MISSDC_EXPERIMENTS\data\boeing\MNAR\0.3\5\dirty_imputed.csv,,
HYPERIMPUTE,2026-06-09T16:38:03,ok,cat_breeds,MAR,15,0.01,1,0.22,0.22,0.22,150,0,,602.1432,0.959,C:\Users\daisl\Documents\Tullio\PARALLEL\MISSDC_EXPERIMENTS\data\cat_breeds\MAR\0.01\1\clean.csv,C:\Users\daisl\Documents\Tullio\PARALLEL\MISSDC_EXPERIMENTS\data\cat_breeds\MAR\0.01\1\dirty.csv,C:\Users\daisl\Documents\Tullio\PARALLEL\MISSDC_EXPERIMENTS\data\cat_breeds\MAR\0.01\1\dirty_imputed.csv,,
HYPERIMPUTE,2026-06-09T16:48:06,ok,cat_breeds,MAR,15,0.01,2,0.2667,0.2667,0.2667,150,0,,726.6091,0.9545,C:\Users\daisl\Documents\Tullio\PARALLEL\MISSDC_EXPERIMENTS\data\cat_breeds\MAR\0.01\2\clean.csv,C:\Users\daisl\Documents\Tullio\PARALLEL\MISSDC_EXPERIMENTS\data\cat_breeds\MAR\0.01\2\dirty.csv,C:\Users\daisl\Documents\Tullio\PARALLEL\MISSDC_EXPERIMENTS\data\cat_breeds\MAR\0.01\2\dirty_imputed.csv,,
HYPERIMPUTE,2026-06-09T17:00:14,ok,cat_breeds,MAR,15,0.01,3,0.1867,0.1867,0.1867,150,0,,795.7316,1.0351,C:\Users\daisl\Documents\Tullio\PARALLEL\MISSDC_EXPERIMENTS\data\cat_breeds\MAR\0.01\3\clean.csv,C:\Users\daisl\Documents\Tullio\PARALLEL\MISSDC_EXPERIMENTS\data\cat_breeds\MAR\0.01\3\dirty.csv,C:\Users\daisl\Documents\Tullio\PARALLEL\MISSDC_EXPERIMENTS\data\cat_breeds\MAR\0.01\3\dirty_imputed.csv,,
HYPERIMPUTE,2026-06-09T17:13:31,ok,cat_breeds,MAR,15,0.01,4,0.2733,0.2733,0.2733,150,0,,440.1264,0.778,C:\Users\daisl\Documents\Tullio\PARALLEL\MISSDC_EXPERIMENTS\data\cat_breeds\MAR\0.01\4\clean.csv,C:\Users\daisl\Documents\Tullio\PARALLEL\MISSDC_EXPERIMENTS\data\cat_breeds\MAR\0.01\4\dirty.csv,C:\Users\daisl\Documents\Tullio\PARALLEL\MISSDC_EXPERIMENTS\data\cat_breeds\MAR\0.01\4\dirty_imputed.csv,,
HYPERIMPUTE,2026-06-09T17:20:52,ok,cat_breeds,MAR,15,0.01,5,0.26,0.26,0.26,150,0,,373.5611,1.0068,C:\Users\daisl\Documents\Tullio\PARALLEL\MISSDC_EXPERIMENTS\data\cat_breeds\MAR\0.01\5\clean.csv,C:\Users\daisl\Documents\Tullio\PARALLEL\MISSDC_EXPERIMENTS\data\cat_breeds\MAR\0.01\5\dirty.csv,C:\Users\daisl\Documents\Tullio\PARALLEL\MISSDC_EXPERIMENTS\data\cat_breeds\MAR\0.01\5\dirty_imputed.csv,,
HYPERIMPUTE,2026-06-09T17:27:06,ok,cat_breeds,MAR,15,0.05,1,0.1862,0.1862,0.1862,795,0,,440.1505,0.9456,C:\Users\daisl\Documents\Tullio\PARALLEL\MISSDC_EXPERIMENTS\data\cat_breeds\MAR\0.05\1\clean.csv,C:\Users\daisl\Documents\Tullio\PARALLEL\MISSDC_EXPERIMENTS\data\cat_breeds\MAR\0.05\1\dirty.csv,C:\Users\daisl\Documents\Tullio\PARALLEL\MISSDC_EXPERIMENTS\data\cat_breeds\MAR\0.05\1\dirty_imputed.csv,,
HYPERIMPUTE,2026-06-09T17:34:27,ok,cat_breeds,MAR,15,0.05,2,0.2201,0.2201,0.2201,795,0,,602.7352,0.9513,C:\Users\daisl\Documents\Tullio\PARALLEL\MISSDC_EXPERIMENTS\data\cat_breeds\MAR\0.05\2\clean.csv,C:\Users\daisl\Documents\Tullio\PARALLEL\MISSDC_EXPERIMENTS\data\cat_breeds\MAR\0.05\2\dirty.csv,C:\Users\daisl\Documents\Tullio\PARALLEL\MISSDC_EXPERIMENTS\data\cat_breeds\MAR\0.05\2\dirty_imputed.csv,,
HYPERIMPUTE,2026-06-09T17:44:31,ok,cat_breeds,MAR,15,0.05,3,0.1484,0.1484,0.1484,795,0,,561.9808,0.9815,C:\Users\daisl\Documents\Tullio\PARALLEL\MISSDC_EXPERIMENTS\data\cat_breeds\MAR\0.05\3\clean.csv,C:\Users\daisl\Documents\Tullio\PARALLEL\MISSDC_EXPERIMENTS\data\cat_breeds\MAR\0.05\3\dirty.csv,C:\Users\daisl\Documents\Tullio\PARALLEL\MISSDC_EXPERIMENTS\data\cat_breeds\MAR\0.05\3\dirty_imputed.csv,,
HYPERIMPUTE,2026-06-09T17:53:54,ok,cat_breeds,MAR,15,0.05,4,0.2164,0.2164,0.2164,795,0,,960.8087,1.0428,C:\Users\daisl\Documents\Tullio\PARALLEL\MISSDC_EXPERIMENTS\data\cat_breeds\MAR\0.05\4\clean.csv,C:\Users\daisl\Documents\Tullio\PARALLEL\MISSDC_EXPERIMENTS\data\cat_breeds\MAR\0.05\4\dirty.csv,C:\Users\daisl\Documents\Tullio\PARALLEL\MISSDC_EXPERIMENTS\data\cat_breeds\MAR\0.05\4\dirty_imputed.csv,,
HYPERIMPUTE,2026-06-09T18:09:56,ok,cat_breeds,MAR,15,0.05,5,0.2679,0.2679,0.2679,795,0,,627.1231,0.7951,C:\Users\daisl\Documents\Tullio\PARALLEL\MISSDC_EXPERIMENTS\data\cat_breeds\MAR\0.05\5\clean.csv,C:\Users\daisl\Documents\Tullio\PARALLEL\MISSDC_EXPERIMENTS\data\cat_breeds\MAR\0.05\5\dirty.csv,C:\Users\daisl\Documents\Tullio\PARALLEL\MISSDC_EXPERIMENTS\data\cat_breeds\MAR\0.05\5\dirty_imputed.csv,,
HYPERIMPUTE,2026-06-09T18:20:24,ok,cat_breeds,MAR,15,0.1,1,0.2006,0.2006,0.2006,1605,0,,554.7499,0.9628,C:\Users\daisl\Documents\Tullio\PARALLEL\MISSDC_EXPERIMENTS\data\cat_breeds\MAR\0.1\1\clean.csv,C:\Users\daisl\Documents\Tullio\PARALLEL\MISSDC_EXPERIMENTS\data\cat_breeds\MAR\0.1\1\dirty.csv,C:\Users\daisl\Documents\Tullio\PARALLEL\MISSDC_EXPERIMENTS\data\cat_breeds\MAR\0.1\1\dirty_imputed.csv,,
HYPERIMPUTE,2026-06-09T18:29:40,ok,cat_breeds,MAR,15,0.1,2,0.1813,0.1813,0.1813,1605,0,,776.8251,1.0109,C:\Users\daisl\Documents\Tullio\PARALLEL\MISSDC_EXPERIMENTS\data\cat_breeds\MAR\0.1\2\clean.csv,C:\Users\daisl\Documents\Tullio\PARALLEL\MISSDC_EXPERIMENTS\data\cat_breeds\MAR\0.1\2\dirty.csv,C:\Users\daisl\Documents\Tullio\PARALLEL\MISSDC_EXPERIMENTS\data\cat_breeds\MAR\0.1\2\dirty_imputed.csv,,
HYPERIMPUTE,2026-06-09T18:42:38,ok,cat_breeds,MAR,15,0.1,3,0.2374,0.2374,0.2374,1605,0,,355.2937,0.9721,C:\Users\daisl\Documents\Tullio\PARALLEL\MISSDC_EXPERIMENTS\data\cat_breeds\MAR\0.1\3\clean.csv,C:\Users\daisl\Documents\Tullio\PARALLEL\MISSDC_EXPERIMENTS\data\cat_breeds\MAR\0.1\3\dirty.csv,C:\Users\daisl\Documents\Tullio\PARALLEL\MISSDC_EXPERIMENTS\data\cat_breeds\MAR\0.1\3\dirty_imputed.csv,,
HYPERIMPUTE,2026-06-09T18:48:34,ok,cat_breeds,MAR,15,0.1,4,0.185,0.185,0.185,1605,0,,1149.0203,0.8551,C:\Users\daisl\Documents\Tullio\PARALLEL\MISSDC_EXPERIMENTS\data\cat_breeds\MAR\0.1\4\clean.csv,C:\Users\daisl\Documents\Tullio\PARALLEL\MISSDC_EXPERIMENTS\data\cat_breeds\MAR\0.1\4\dirty.csv,C:\Users\daisl\Documents\Tullio\PARALLEL\MISSDC_EXPERIMENTS\data\cat_breeds\MAR\0.1\4\dirty_imputed.csv,,
HYPERIMPUTE,2026-06-09T19:07:44,ok,cat_breeds,MAR,15,0.1,5,0.215,0.215,0.215,1605,0,,319.2465,0.8402,C:\Users\daisl\Documents\Tullio\PARALLEL\MISSDC_EXPERIMENTS\data\cat_breeds\MAR\0.1\5\clean.csv,C:\Users\daisl\Documents\Tullio\PARALLEL\MISSDC_EXPERIMENTS\data\cat_breeds\MAR\0.1\5\dirty.csv,C:\Users\daisl\Documents\Tullio\PARALLEL\MISSDC_EXPERIMENTS\data\cat_breeds\MAR\0.1\5\dirty_imputed.csv,,
HYPERIMPUTE,2026-06-09T19:13:04,ok,cat_breeds,MAR,15,0.15,1,0.2071,0.2071,0.2071,2400,0,,568.2656,0.992,C:\Users\daisl\Documents\Tullio\PARALLEL\MISSDC_EXPERIMENTS\data\cat_breeds\MAR\0.15\1\clean.csv,C:\Users\daisl\Documents\Tullio\PARALLEL\MISSDC_EXPERIMENTS\data\cat_breeds\MAR\0.15\1\dirty.csv,C:\Users\daisl\Documents\Tullio\PARALLEL\MISSDC_EXPERIMENTS\data\cat_breeds\MAR\0.15\1\dirty_imputed.csv,,
HYPERIMPUTE,2026-06-09T19:22:33,ok,cat_breeds,MAR,15,0.15,2,0.2188,0.2188,0.2188,2400,0,,437.992,0.9974,C:\Users\daisl\Documents\Tullio\PARALLEL\MISSDC_EXPERIMENTS\data\cat_breeds\MAR\0.15\2\clean.csv,C:\Users\daisl\Documents\Tullio\PARALLEL\MISSDC_EXPERIMENTS\data\cat_breeds\MAR\0.15\2\dirty.csv,C:\Users\daisl\Documents\Tullio\PARALLEL\MISSDC_EXPERIMENTS\data\cat_breeds\MAR\0.15\2\dirty_imputed.csv,,
HYPERIMPUTE,2026-06-09T19:29:52,ok,cat_breeds,MAR,15,0.15,3,0.215,0.215,0.215,2400,0,,419.4097,1.0061,C:\Users\daisl\Documents\Tullio\PARALLEL\MISSDC_EXPERIMENTS\data\cat_breeds\MAR\0.15\3\clean.csv,C:\Users\daisl\Documents\Tullio\PARALLEL\MISSDC_EXPERIMENTS\data\cat_breeds\MAR\0.15\3\dirty.csv,C:\Users\daisl\Documents\Tullio\PARALLEL\MISSDC_EXPERIMENTS\data\cat_breeds\MAR\0.15\3\dirty_imputed.csv,,
HYPERIMPUTE,2026-06-09T19:36:52,ok,cat_breeds,MAR,15,0.15,4,0.2033,0.2033,0.2033,2400,0,,424.3919,1.0267,C:\Users\daisl\Documents\Tullio\PARALLEL\MISSDC_EXPERIMENTS\data\cat_breeds\MAR\0.15\4\clean.csv,C:\Users\daisl\Documents\Tullio\PARALLEL\MISSDC_EXPERIMENTS\data\cat_breeds\MAR\0.15\4\dirty.csv,C:\Users\daisl\Documents\Tullio\PARALLEL\MISSDC_EXPERIMENTS\data\cat_breeds\MAR\0.15\4\dirty_imputed.csv,,
HYPERIMPUTE,2026-06-09T19:43:58,ok,cat_breeds,MAR,15,0.15,5,0.1817,0.1817,0.1817,2400,0,,733.4605,1.0339,C:\Users\daisl\Documents\Tullio\PARALLEL\MISSDC_EXPERIMENTS\data\cat_breeds\MAR\0.15\5\clean.csv,C:\Users\daisl\Documents\Tullio\PARALLEL\MISSDC_EXPERIMENTS\data\cat_breeds\MAR\0.15\5\dirty.csv,C:\Users\daisl\Documents\Tullio\PARALLEL\MISSDC_EXPERIMENTS\data\cat_breeds\MAR\0.15\5\dirty_imputed.csv,,
HYPERIMPUTE,2026-06-09T19:56:12,ok,cat_breeds,MAR,15,0.2,1,0.1925,0.1925,0.1925,3210,0,,583.388,0.8786,C:\Users\daisl\Documents\Tullio\PARALLEL\MISSDC_EXPERIMENTS\data\cat_breeds\MAR\0.2\1\clean.csv,C:\Users\daisl\Documents\Tullio\PARALLEL\MISSDC_EXPERIMENTS\data\cat_breeds\MAR\0.2\1\dirty.csv,C:\Users\daisl\Documents\Tullio\PARALLEL\MISSDC_EXPERIMENTS\data\cat_breeds\MAR\0.2\1\dirty_imputed.csv,,
HYPERIMPUTE,2026-06-09T20:05:57,ok,cat_breeds,MAR,15,0.2,2,0.2112,0.2112,0.2112,3210,0,,334.8212,0.8386,C:\Users\daisl\Documents\Tullio\PARALLEL\MISSDC_EXPERIMENTS\data\cat_breeds\MAR\0.2\2\clean.csv,C:\Users\daisl\Documents\Tullio\PARALLEL\MISSDC_EXPERIMENTS\data\cat_breeds\MAR\0.2\2\dirty.csv,C:\Users\daisl\Documents\Tullio\PARALLEL\MISSDC_EXPERIMENTS\data\cat_breeds\MAR\0.2\2\dirty_imputed.csv,,
HYPERIMPUTE,2026-06-09T20:11:32,ok,cat_breeds,MAR,15,0.2,3,0.2171,0.2171,0.2171,3210,0,,376.8596,0.981,C:\Users\daisl\Documents\Tullio\PARALLEL\MISSDC_EXPERIMENTS\data\cat_breeds\MAR\0.2\3\clean.csv,C:\Users\daisl\Documents\Tullio\PARALLEL\MISSDC_EXPERIMENTS\data\cat_breeds\MAR\0.2\3\dirty.csv,C:\Users\daisl\Documents\Tullio\PARALLEL\MISSDC_EXPERIMENTS\data\cat_breeds\MAR\0.2\3\dirty_imputed.csv,,
HYPERIMPUTE,2026-06-09T20:17:50,ok,cat_breeds,MAR,15,0.2,4,0.209,0.209,0.209,3210,0,,384.9522,1.0151,C:\Users\daisl\Documents\Tullio\PARALLEL\MISSDC_EXPERIMENTS\data\cat_breeds\MAR\0.2\4\clean.csv,C:\Users\daisl\Documents\Tullio\PARALLEL\MISSDC_EXPERIMENTS\data\cat_breeds\MAR\0.2\4\dirty.csv,C:\Users\daisl\Documents\Tullio\PARALLEL\MISSDC_EXPERIMENTS\data\cat_breeds\MAR\0.2\4\dirty_imputed.csv,,
HYPERIMPUTE,2026-06-09T20:24:16,ok,cat_breeds,MAR,15,0.2,5,0.2227,0.2227,0.2227,3210,0,,487.4752,1.0256,C:\Users\daisl\Documents\Tullio\PARALLEL\MISSDC_EXPERIMENTS\data\cat_breeds\MAR\0.2\5\clean.csv,C:\Users\daisl\Documents\Tullio\PARALLEL\MISSDC_EXPERIMENTS\data\cat_breeds\MAR\0.2\5\dirty.csv,C:\Users\daisl\Documents\Tullio\PARALLEL\MISSDC_EXPERIMENTS\data\cat_breeds\MAR\0.2\5\dirty_imputed.csv,,
HYPERIMPUTE,2026-06-09T20:32:25,ok,cat_breeds,MAR,15,0.25,1,0.1928,0.1928,0.1928,4005,0,,578.4183,1.0677,C:\Users\daisl\Documents\Tullio\PARALLEL\MISSDC_EXPERIMENTS\data\cat_breeds\MAR\0.25\1\clean.csv,C:\Users\daisl\Documents\Tullio\PARALLEL\MISSDC_EXPERIMENTS\data\cat_breeds\MAR\0.25\1\dirty.csv,C:\Users\daisl\Documents\Tullio\PARALLEL\MISSDC_EXPERIMENTS\data\cat_breeds\MAR\0.25\1\dirty_imputed.csv,,
HYPERIMPUTE,2026-06-09T20:42:04,ok,cat_breeds,MAR,15,0.25,2,0.21,0.21,0.21,4005,0,,371.3672,1.0805,C:\Users\daisl\Documents\Tullio\PARALLEL\MISSDC_EXPERIMENTS\data\cat_breeds\MAR\0.25\2\clean.csv,C:\Users\daisl\Documents\Tullio\PARALLEL\MISSDC_EXPERIMENTS\data\cat_breeds\MAR\0.25\2\dirty.csv,C:\Users\daisl\Documents\Tullio\PARALLEL\MISSDC_EXPERIMENTS\data\cat_breeds\MAR\0.25\2\dirty_imputed.csv,,
HYPERIMPUTE,2026-06-09T20:48:17,ok,cat_breeds,MAR,15,0.25,3,0.202,0.202,0.202,4005,0,,751.3196,0.9049,C:\Users\daisl\Documents\Tullio\PARALLEL\MISSDC_EXPERIMENTS\data\cat_breeds\MAR\0.25\3\clean.csv,C:\Users\daisl\Documents\Tullio\PARALLEL\MISSDC_EXPERIMENTS\data\cat_breeds\MAR\0.25\3\dirty.csv,C:\Users\daisl\Documents\Tullio\PARALLEL\MISSDC_EXPERIMENTS\data\cat_breeds\MAR\0.25\3\dirty_imputed.csv,,
HYPERIMPUTE,2026-06-09T21:00:49,ok,cat_breeds,MAR,15,0.25,4,0.2312,0.2312,0.2312,4005,0,,512.0096,1.0396,C:\Users\daisl\Documents\Tullio\PARALLEL\MISSDC_EXPERIMENTS\data\cat_breeds\MAR\0.25\4\clean.csv,C:\Users\daisl\Documents\Tullio\PARALLEL\MISSDC_EXPERIMENTS\data\cat_breeds\MAR\0.25\4\dirty.csv,C:\Users\daisl\Documents\Tullio\PARALLEL\MISSDC_EXPERIMENTS\data\cat_breeds\MAR\0.25\4\dirty_imputed.csv,,
HYPERIMPUTE,2026-06-09T21:09:22,ok,cat_breeds,MAR,15,0.25,5,0.208,0.208,0.208,4005,0,,455.6807,1.0808,C:\Users\daisl\Documents\Tullio\PARALLEL\MISSDC_EXPERIMENTS\data\cat_breeds\MAR\0.25\5\clean.csv,C:\Users\daisl\Documents\Tullio\PARALLEL\MISSDC_EXPERIMENTS\data\cat_breeds\MAR\0.25\5\dirty.csv,C:\Users\daisl\Documents\Tullio\PARALLEL\MISSDC_EXPERIMENTS\data\cat_breeds\MAR\0.25\5\dirty_imputed.csv,,
HYPERIMPUTE,2026-06-09T21:16:59,ok,cat_breeds,MAR,15,0.3,1,0.2143,0.2143,0.2143,4815,0,,381.8099,1.0637,C:\Users\daisl\Documents\Tullio\PARALLEL\MISSDC_EXPERIMENTS\data\cat_breeds\MAR\0.3\1\clean.csv,C:\Users\daisl\Documents\Tullio\PARALLEL\MISSDC_EXPERIMENTS\data\cat_breeds\MAR\0.3\1\dirty.csv,C:\Users\daisl\Documents\Tullio\PARALLEL\MISSDC_EXPERIMENTS\data\cat_breeds\MAR\0.3\1\dirty_imputed.csv,,
HYPERIMPUTE,2026-06-09T21:23:22,ok,cat_breeds,MAR,15,0.3,2,0.2012,0.2012,0.2012,4815,0,,262.087,1.0819,C:\Users\daisl\Documents\Tullio\PARALLEL\MISSDC_EXPERIMENTS\data\cat_breeds\MAR\0.3\2\clean.csv,C:\Users\daisl\Documents\Tullio\PARALLEL\MISSDC_EXPERIMENTS\data\cat_breeds\MAR\0.3\2\dirty.csv,C:\Users\daisl\Documents\Tullio\PARALLEL\MISSDC_EXPERIMENTS\data\cat_breeds\MAR\0.3\2\dirty_imputed.csv,,
HYPERIMPUTE,2026-06-09T21:27:45,ok,cat_breeds,MAR,15,0.3,3,0.1873,0.1873,0.1873,4815,0,,503.5813,1.1515,C:\Users\daisl\Documents\Tullio\PARALLEL\MISSDC_EXPERIMENTS\data\cat_breeds\MAR\0.3\3\clean.csv,C:\Users\daisl\Documents\Tullio\PARALLEL\MISSDC_EXPERIMENTS\data\cat_breeds\MAR\0.3\3\dirty.csv,C:\Users\daisl\Documents\Tullio\PARALLEL\MISSDC_EXPERIMENTS\data\cat_breeds\MAR\0.3\3\dirty_imputed.csv,,
HYPERIMPUTE,2026-06-09T21:36:10,ok,cat_breeds,MAR,15,0.3,4,0.2183,0.2183,0.2183,4815,0,,468.9186,1.2861,C:\Users\daisl\Documents\Tullio\PARALLEL\MISSDC_EXPERIMENTS\data\cat_breeds\MAR\0.3\4\clean.csv,C:\Users\daisl\Documents\Tullio\PARALLEL\MISSDC_EXPERIMENTS\data\cat_breeds\MAR\0.3\4\dirty.csv,C:\Users\daisl\Documents\Tullio\PARALLEL\MISSDC_EXPERIMENTS\data\cat_breeds\MAR\0.3\4\dirty_imputed.csv,,
HYPERIMPUTE,2026-06-09T21:44:00,ok,cat_breeds,MAR,15,0.3,5,0.2025,0.2025,0.2025,4815,0,,422.4764,1.3231,C:\Users\daisl\Documents\Tullio\PARALLEL\MISSDC_EXPERIMENTS\data\cat_breeds\MAR\0.3\5\clean.csv,C:\Users\daisl\Documents\Tullio\PARALLEL\MISSDC_EXPERIMENTS\data\cat_breeds\MAR\0.3\5\dirty.csv,C:\Users\daisl\Documents\Tullio\PARALLEL\MISSDC_EXPERIMENTS\data\cat_breeds\MAR\0.3\5\dirty_imputed.csv,,
HYPERIMPUTE,2026-06-09T21:51:04,ok,cat_breeds,MCAR,15,0.01,1,0.22,0.22,0.22,150,0,,334.7568,0.9597,C:\Users\daisl\Documents\Tullio\PARALLEL\MISSDC_EXPERIMENTS\data\cat_breeds\MCAR\0.01\1\clean.csv,C:\Users\daisl\Documents\Tullio\PARALLEL\MISSDC_EXPERIMENTS\data\cat_breeds\MCAR\0.01\1\dirty.csv,C:\Users\daisl\Documents\Tullio\PARALLEL\MISSDC_EXPERIMENTS\data\cat_breeds\MCAR\0.01\1\dirty_imputed.csv,,
HYPERIMPUTE,2026-06-09T21:56:39,ok,cat_breeds,MCAR,15,0.01,2,0.2267,0.2267,0.2267,150,0,,492.9593,0.921,C:\Users\daisl\Documents\Tullio\PARALLEL\MISSDC_EXPERIMENTS\data\cat_breeds\MCAR\0.01\2\clean.csv,C:\Users\daisl\Documents\Tullio\PARALLEL\MISSDC_EXPERIMENTS\data\cat_breeds\MCAR\0.01\2\dirty.csv,C:\Users\daisl\Documents\Tullio\PARALLEL\MISSDC_EXPERIMENTS\data\cat_breeds\MCAR\0.01\2\dirty_imputed.csv,,
HYPERIMPUTE,2026-06-09T22:04:53,ok,cat_breeds,MCAR,15,0.01,3,0.24,0.24,0.24,150,0,,499.2923,0.9388,C:\Users\daisl\Documents\Tullio\PARALLEL\MISSDC_EXPERIMENTS\data\cat_breeds\MCAR\0.01\3\clean.csv,C:\Users\daisl\Documents\Tullio\PARALLEL\MISSDC_EXPERIMENTS\data\cat_breeds\MCAR\0.01\3\dirty.csv,C:\Users\daisl\Documents\Tullio\PARALLEL\MISSDC_EXPERIMENTS\data\cat_breeds\MCAR\0.01\3\dirty_imputed.csv,,
HYPERIMPUTE,2026-06-09T22:13:14,ok,cat_breeds,MCAR,15,0.01,4,0.2,0.2,0.2,150,0,,423.3149,0.939,C:\Users\daisl\Documents\Tullio\PARALLEL\MISSDC_EXPERIMENTS\data\cat_breeds\MCAR\0.01\4\clean.csv,C:\Users\daisl\Documents\Tullio\PARALLEL\MISSDC_EXPERIMENTS\data\cat_breeds\MCAR\0.01\4\dirty.csv,C:\Users\daisl\Documents\Tullio\PARALLEL\MISSDC_EXPERIMENTS\data\cat_breeds\MCAR\0.01\4\dirty_imputed.csv,,
HYPERIMPUTE,2026-06-09T22:20:18,ok,cat_breeds,MCAR,15,0.01,5,0.2133,0.2133,0.2133,150,0,,416.2724,0.9919,C:\Users\daisl\Documents\Tullio\PARALLEL\MISSDC_EXPERIMENTS\data\cat_breeds\MCAR\0.01\5\clean.csv,C:\Users\daisl\Documents\Tullio\PARALLEL\MISSDC_EXPERIMENTS\data\cat_breeds\MCAR\0.01\5\dirty.csv,C:\Users\daisl\Documents\Tullio\PARALLEL\MISSDC_EXPERIMENTS\data\cat_breeds\MCAR\0.01\5\dirty_imputed.csv,,
HYPERIMPUTE,2026-06-09T22:27:15,ok,cat_breeds,MCAR,15,0.05,1,0.2025,0.2025,0.2025,795,0,,415.869,0.9607,C:\Users\daisl\Documents\Tullio\PARALLEL\MISSDC_EXPERIMENTS\data\cat_breeds\MCAR\0.05\1\clean.csv,C:\Users\daisl\Documents\Tullio\PARALLEL\MISSDC_EXPERIMENTS\data\cat_breeds\MCAR\0.05\1\dirty.csv,C:\Users\daisl\Documents\Tullio\PARALLEL\MISSDC_EXPERIMENTS\data\cat_breeds\MCAR\0.05\1\dirty_imputed.csv,,
HYPERIMPUTE,2026-06-09T22:34:12,ok,cat_breeds,MCAR,15,0.05,2,0.2239,0.2239,0.2239,795,0,,491.0683,1.0417,C:\Users\daisl\Documents\Tullio\PARALLEL\MISSDC_EXPERIMENTS\data\cat_breeds\MCAR\0.05\2\clean.csv,C:\Users\daisl\Documents\Tullio\PARALLEL\MISSDC_EXPERIMENTS\data\cat_breeds\MCAR\0.05\2\dirty.csv,C:\Users\daisl\Documents\Tullio\PARALLEL\MISSDC_EXPERIMENTS\data\cat_breeds\MCAR\0.05\2\dirty_imputed.csv,,
HYPERIMPUTE,2026-06-09T22:42:24,ok,cat_breeds,MCAR,15,0.05,3,0.2302,0.2302,0.2302,795,0,,401.0937,0.794,C:\Users\daisl\Documents\Tullio\PARALLEL\MISSDC_EXPERIMENTS\data\cat_breeds\MCAR\0.05\3\clean.csv,C:\Users\daisl\Documents\Tullio\PARALLEL\MISSDC_EXPERIMENTS\data\cat_breeds\MCAR\0.05\3\dirty.csv,C:\Users\daisl\Documents\Tullio\PARALLEL\MISSDC_EXPERIMENTS\data\cat_breeds\MCAR\0.05\3\dirty_imputed.csv,,
HYPERIMPUTE,2026-06-09T22:49:06,ok,cat_breeds,MCAR,15,0.05,4,0.2214,0.2214,0.2214,795,0,,607.9688,0.9372,C:\Users\daisl\Documents\Tullio\PARALLEL\MISSDC_EXPERIMENTS\data\cat_breeds\MCAR\0.05\4\clean.csv,C:\Users\daisl\Documents\Tullio\PARALLEL\MISSDC_EXPERIMENTS\data\cat_breeds\MCAR\0.05\4\dirty.csv,C:\Users\daisl\Documents\Tullio\PARALLEL\MISSDC_EXPERIMENTS\data\cat_breeds\MCAR\0.05\4\dirty_imputed.csv,,
HYPERIMPUTE,2026-06-09T22:59:15,ok,cat_breeds,MCAR,15,0.05,5,0.2,0.2,0.2,795,0,,430.9238,0.9465,C:\Users\daisl\Documents\Tullio\PARALLEL\MISSDC_EXPERIMENTS\data\cat_breeds\MCAR\0.05\5\clean.csv,C:\Users\daisl\Documents\Tullio\PARALLEL\MISSDC_EXPERIMENTS\data\cat_breeds\MCAR\0.05\5\dirty.csv,C:\Users\daisl\Documents\Tullio\PARALLEL\MISSDC_EXPERIMENTS\data\cat_breeds\MCAR\0.05\5\dirty_imputed.csv,,
HYPERIMPUTE,2026-06-09T23:06:27,ok,cat_breeds,MCAR,15,0.1,1,0.2006,0.2006,0.2006,1605,0,,607.8874,0.9619,C:\Users\daisl\Documents\Tullio\PARALLEL\MISSDC_EXPERIMENTS\data\cat_breeds\MCAR\0.1\1\clean.csv,C:\Users\daisl\Documents\Tullio\PARALLEL\MISSDC_EXPERIMENTS\data\cat_breeds\MCAR\0.1\1\dirty.csv,C:\Users\daisl\Documents\Tullio\PARALLEL\MISSDC_EXPERIMENTS\data\cat_breeds\MCAR\0.1\1\dirty_imputed.csv,,
HYPERIMPUTE,2026-06-09T23:16:36,ok,cat_breeds,MCAR,15,0.1,2,0.2118,0.2118,0.2118,1605,0,,465.2339,0.9924,C:\Users\daisl\Documents\Tullio\PARALLEL\MISSDC_EXPERIMENTS\data\cat_breeds\MCAR\0.1\2\clean.csv,C:\Users\daisl\Documents\Tullio\PARALLEL\MISSDC_EXPERIMENTS\data\cat_breeds\MCAR\0.1\2\dirty.csv,C:\Users\daisl\Documents\Tullio\PARALLEL\MISSDC_EXPERIMENTS\data\cat_breeds\MCAR\0.1\2\dirty_imputed.csv,,
HYPERIMPUTE,2026-06-09T23:24:22,ok,cat_breeds,MCAR,15,0.1,3,0.2025,0.2025,0.2025,1605,0,,470.4185,1.0936,C:\Users\daisl\Documents\Tullio\PARALLEL\MISSDC_EXPERIMENTS\data\cat_breeds\MCAR\0.1\3\clean.csv,C:\Users\daisl\Documents\Tullio\PARALLEL\MISSDC_EXPERIMENTS\data\cat_breeds\MCAR\0.1\3\dirty.csv,C:\Users\daisl\Documents\Tullio\PARALLEL\MISSDC_EXPERIMENTS\data\cat_breeds\MCAR\0.1\3\dirty_imputed.csv,,
HYPERIMPUTE,2026-06-09T23:32:13,ok,cat_breeds,MCAR,15,0.1,4,0.2025,0.2025,0.2025,1605,0,,344.0561,0.9636,C:\Users\daisl\Documents\Tullio\PARALLEL\MISSDC_EXPERIMENTS\data\cat_breeds\MCAR\0.1\4\clean.csv,C:\Users\daisl\Documents\Tullio\PARALLEL\MISSDC_EXPERIMENTS\data\cat_breeds\MCAR\0.1\4\dirty.csv,C:\Users\daisl\Documents\Tullio\PARALLEL\MISSDC_EXPERIMENTS\data\cat_breeds\MCAR\0.1\4\dirty_imputed.csv,,
HYPERIMPUTE,2026-06-09T23:37:58,ok,cat_breeds,MCAR,15,0.1,5,0.2044,0.2044,0.2044,1605,0,,586.2294,0.9736,C:\Users\daisl\Documents\Tullio\PARALLEL\MISSDC_EXPERIMENTS\data\cat_breeds\MCAR\0.1\5\clean.csv,C:\Users\daisl\Documents\Tullio\PARALLEL\MISSDC_EXPERIMENTS\data\cat_breeds\MCAR\0.1\5\dirty.csv,C:\Users\daisl\Documents\Tullio\PARALLEL\MISSDC_EXPERIMENTS\data\cat_breeds\MCAR\0.1\5\dirty_imputed.csv,,
HYPERIMPUTE,2026-06-09T23:47:46,ok,cat_breeds,MCAR,15,0.15,1,0.2067,0.2067,0.2067,2400,0,,549.7252,0.9912,C:\Users\daisl\Documents\Tullio\PARALLEL\MISSDC_EXPERIMENTS\data\cat_breeds\MCAR\0.15\1\clean.csv,C:\Users\daisl\Documents\Tullio\PARALLEL\MISSDC_EXPERIMENTS\data\cat_breeds\MCAR\0.15\1\dirty.csv,C:\Users\daisl\Documents\Tullio\PARALLEL\MISSDC_EXPERIMENTS\data\cat_breeds\MCAR\0.15\1\dirty_imputed.csv,,
HYPERIMPUTE,2026-06-09T23:56:56,ok,cat_breeds,MCAR,15,0.15,2,0.1954,0.1954,0.1954,2400,0,,660.9568,1.0289,C:\Users\daisl\Documents\Tullio\PARALLEL\MISSDC_EXPERIMENTS\data\cat_breeds\MCAR\0.15\2\clean.csv,C:\Users\daisl\Documents\Tullio\PARALLEL\MISSDC_EXPERIMENTS\data\cat_breeds\MCAR\0.15\2\dirty.csv,C:\Users\daisl\Documents\Tullio\PARALLEL\MISSDC_EXPERIMENTS\data\cat_breeds\MCAR\0.15\2\dirty_imputed.csv,,
HYPERIMPUTE,2026-06-10T00:07:58,ok,cat_breeds,MCAR,15,0.15,3,0.2071,0.2071,0.2071,2400,0,,579.0069,1.131,C:\Users\daisl\Documents\Tullio\PARALLEL\MISSDC_EXPERIMENTS\data\cat_breeds\MCAR\0.15\3\clean.csv,C:\Users\daisl\Documents\Tullio\PARALLEL\MISSDC_EXPERIMENTS\data\cat_breeds\MCAR\0.15\3\dirty.csv,C:\Users\daisl\Documents\Tullio\PARALLEL\MISSDC_EXPERIMENTS\data\cat_breeds\MCAR\0.15\3\dirty_imputed.csv,,
HYPERIMPUTE,2026-06-10T00:17:38,ok,cat_breeds,MCAR,15,0.15,4,0.205,0.205,0.205,2400,0,,546.2426,1.1205,C:\Users\daisl\Documents\Tullio\PARALLEL\MISSDC_EXPERIMENTS\data\cat_breeds\MCAR\0.15\4\clean.csv,C:\Users\daisl\Documents\Tullio\PARALLEL\MISSDC_EXPERIMENTS\data\cat_breeds\MCAR\0.15\4\dirty.csv,C:\Users\daisl\Documents\Tullio\PARALLEL\MISSDC_EXPERIMENTS\data\cat_breeds\MCAR\0.15\4\dirty_imputed.csv,,
HYPERIMPUTE,2026-06-10T00:26:46,ok,cat_breeds,MCAR,15,0.15,5,0.2008,0.2008,0.2008,2400,0,,619.7682,0.9363,C:\Users\daisl\Documents\Tullio\PARALLEL\MISSDC_EXPERIMENTS\data\cat_breeds\MCAR\0.15\5\clean.csv,C:\Users\daisl\Documents\Tullio\PARALLEL\MISSDC_EXPERIMENTS\data\cat_breeds\MCAR\0.15\5\dirty.csv,C:\Users\daisl\Documents\Tullio\PARALLEL\MISSDC_EXPERIMENTS\data\cat_breeds\MCAR\0.15\5\dirty_imputed.csv,,
HYPERIMPUTE,2026-06-10T00:37:07,ok,cat_breeds,MCAR,15,0.2,1,0.2171,0.2171,0.2171,3210,0,,753.021,1.0162,C:\Users\daisl\Documents\Tullio\PARALLEL\MISSDC_EXPERIMENTS\data\cat_breeds\MCAR\0.2\1\clean.csv,C:\Users\daisl\Documents\Tullio\PARALLEL\MISSDC_EXPERIMENTS\data\cat_breeds\MCAR\0.2\1\dirty.csv,C:\Users\daisl\Documents\Tullio\PARALLEL\MISSDC_EXPERIMENTS\data\cat_breeds\MCAR\0.2\1\dirty_imputed.csv,,
HYPERIMPUTE,2026-06-10T00:49:41,ok,cat_breeds,MCAR,15,0.2,2,0.2109,0.2109,0.2109,3210,0,,518.4706,1.0015,C:\Users\daisl\Documents\Tullio\PARALLEL\MISSDC_EXPERIMENTS\data\cat_breeds\MCAR\0.2\2\clean.csv,C:\Users\daisl\Documents\Tullio\PARALLEL\MISSDC_EXPERIMENTS\data\cat_breeds\MCAR\0.2\2\dirty.csv,C:\Users\daisl\Documents\Tullio\PARALLEL\MISSDC_EXPERIMENTS\data\cat_breeds\MCAR\0.2\2\dirty_imputed.csv,,
HYPERIMPUTE,2026-06-10T00:58:20,ok,cat_breeds,MCAR,15,0.2,3,0.209,0.209,0.209,3210,0,,613.8389,1.0801,C:\Users\daisl\Documents\Tullio\PARALLEL\MISSDC_EXPERIMENTS\data\cat_breeds\MCAR\0.2\3\clean.csv,C:\Users\daisl\Documents\Tullio\PARALLEL\MISSDC_EXPERIMENTS\data\cat_breeds\MCAR\0.2\3\dirty.csv,C:\Users\daisl\Documents\Tullio\PARALLEL\MISSDC_EXPERIMENTS\data\cat_breeds\MCAR\0.2\3\dirty_imputed.csv,,
HYPERIMPUTE,2026-06-10T01:08:35,ok,cat_breeds,MCAR,15,0.2,4,0.2165,0.2165,0.2165,3210,0,,572.016,0.9869,C:\Users\daisl\Documents\Tullio\PARALLEL\MISSDC_EXPERIMENTS\data\cat_breeds\MCAR\0.2\4\clean.csv,C:\Users\daisl\Documents\Tullio\PARALLEL\MISSDC_EXPERIMENTS\data\cat_breeds\MCAR\0.2\4\dirty.csv,C:\Users\daisl\Documents\Tullio\PARALLEL\MISSDC_EXPERIMENTS\data\cat_breeds\MCAR\0.2\4\dirty_imputed.csv,,
HYPERIMPUTE,2026-06-10T01:18:08,ok,cat_breeds,MCAR,15,0.2,5,0.2056,0.2056,0.2056,3210,0,,709.8282,1.0228,C:\Users\daisl\Documents\Tullio\PARALLEL\MISSDC_EXPERIMENTS\data\cat_breeds\MCAR\0.2\5\clean.csv,C:\Users\daisl\Documents\Tullio\PARALLEL\MISSDC_EXPERIMENTS\data\cat_breeds\MCAR\0.2\5\dirty.csv,C:\Users\daisl\Documents\Tullio\PARALLEL\MISSDC_EXPERIMENTS\data\cat_breeds\MCAR\0.2\5\dirty_imputed.csv,,
HYPERIMPUTE,2026-06-10T01:29:59,ok,cat_breeds,MCAR,15,0.25,1,0.2095,0.2095,0.2095,4005,0,,510.6041,1.0958,C:\Users\daisl\Documents\Tullio\PARALLEL\MISSDC_EXPERIMENTS\data\cat_breeds\MCAR\0.25\1\clean.csv,C:\Users\daisl\Documents\Tullio\PARALLEL\MISSDC_EXPERIMENTS\data\cat_breeds\MCAR\0.25\1\dirty.csv,C:\Users\daisl\Documents\Tullio\PARALLEL\MISSDC_EXPERIMENTS\data\cat_breeds\MCAR\0.25\1\dirty_imputed.csv,,
HYPERIMPUTE,2026-06-10T01:38:31,ok,cat_breeds,MCAR,15,0.25,2,0.206,0.206,0.206,4005,0,,508.6207,1.0823,C:\Users\daisl\Documents\Tullio\PARALLEL\MISSDC_EXPERIMENTS\data\cat_breeds\MCAR\0.25\2\clean.csv,C:\Users\daisl\Documents\Tullio\PARALLEL\MISSDC_EXPERIMENTS\data\cat_breeds\MCAR\0.25\2\dirty.csv,C:\Users\daisl\Documents\Tullio\PARALLEL\MISSDC_EXPERIMENTS\data\cat_breeds\MCAR\0.25\2\dirty_imputed.csv,,
HYPERIMPUTE,2026-06-10T01:47:00,ok,cat_breeds,MCAR,15,0.25,3,0.2122,0.2122,0.2122,4005,0,,370.8643,1.0789,C:\Users\daisl\Documents\Tullio\PARALLEL\MISSDC_EXPERIMENTS\data\cat_breeds\MCAR\0.25\3\clean.csv,C:\Users\daisl\Documents\Tullio\PARALLEL\MISSDC_EXPERIMENTS\data\cat_breeds\MCAR\0.25\3\dirty.csv,C:\Users\daisl\Documents\Tullio\PARALLEL\MISSDC_EXPERIMENTS\data\cat_breeds\MCAR\0.25\3\dirty_imputed.csv,,
HYPERIMPUTE,2026-06-10T01:53:12,ok,cat_breeds,MCAR,15,0.25,4,0.2025,0.2025,0.2025,4005,0,,483.2844,1.0927,C:\Users\daisl\Documents\Tullio\PARALLEL\MISSDC_EXPERIMENTS\data\cat_breeds\MCAR\0.25\4\clean.csv,C:\Users\daisl\Documents\Tullio\PARALLEL\MISSDC_EXPERIMENTS\data\cat_breeds\MCAR\0.25\4\dirty.csv,C:\Users\daisl\Documents\Tullio\PARALLEL\MISSDC_EXPERIMENTS\data\cat_breeds\MCAR\0.25\4\dirty_imputed.csv,,
HYPERIMPUTE,2026-06-10T02:01:17,ok,cat_breeds,MCAR,15,0.25,5,0.2157,0.2157,0.2157,4005,0,,434.5622,1.0228,C:\Users\daisl\Documents\Tullio\PARALLEL\MISSDC_EXPERIMENTS\data\cat_breeds\MCAR\0.25\5\clean.csv,C:\Users\daisl\Documents\Tullio\PARALLEL\MISSDC_EXPERIMENTS\data\cat_breeds\MCAR\0.25\5\dirty.csv,C:\Users\daisl\Documents\Tullio\PARALLEL\MISSDC_EXPERIMENTS\data\cat_breeds\MCAR\0.25\5\dirty_imputed.csv,,
HYPERIMPUTE,2026-06-10T02:08:32,ok,cat_breeds,MCAR,15,0.3,1,0.2139,0.2139,0.2139,4815,0,,385.5651,0.9341,C:\Users\daisl\Documents\Tullio\PARALLEL\MISSDC_EXPERIMENTS\data\cat_breeds\MCAR\0.3\1\clean.csv,C:\Users\daisl\Documents\Tullio\PARALLEL\MISSDC_EXPERIMENTS\data\cat_breeds\MCAR\0.3\1\dirty.csv,C:\Users\daisl\Documents\Tullio\PARALLEL\MISSDC_EXPERIMENTS\data\cat_breeds\MCAR\0.3\1\dirty_imputed.csv,,
HYPERIMPUTE,2026-06-10T02:14:59,ok,cat_breeds,MCAR,15,0.3,2,0.2019,0.2019,0.2019,4815,0,,464.6088,1.0634,C:\Users\daisl\Documents\Tullio\PARALLEL\MISSDC_EXPERIMENTS\data\cat_breeds\MCAR\0.3\2\clean.csv,C:\Users\daisl\Documents\Tullio\PARALLEL\MISSDC_EXPERIMENTS\data\cat_breeds\MCAR\0.3\2\dirty.csv,C:\Users\daisl\Documents\Tullio\PARALLEL\MISSDC_EXPERIMENTS\data\cat_breeds\MCAR\0.3\2\dirty_imputed.csv,,
HYPERIMPUTE,2026-06-10T02:22:45,ok,cat_breeds,MCAR,15,0.3,3,0.2075,0.2075,0.2075,4815,0,,410.6113,1.0522,C:\Users\daisl\Documents\Tullio\PARALLEL\MISSDC_EXPERIMENTS\data\cat_breeds\MCAR\0.3\3\clean.csv,C:\Users\daisl\Documents\Tullio\PARALLEL\MISSDC_EXPERIMENTS\data\cat_breeds\MCAR\0.3\3\dirty.csv,C:\Users\daisl\Documents\Tullio\PARALLEL\MISSDC_EXPERIMENTS\data\cat_breeds\MCAR\0.3\3\dirty_imputed.csv,,
HYPERIMPUTE,2026-06-10T02:29:36,ok,cat_breeds,MCAR,15,0.3,4,0.2098,0.2098,0.2098,4815,0,,357.6694,1.0099,C:\Users\daisl\Documents\Tullio\PARALLEL\MISSDC_EXPERIMENTS\data\cat_breeds\MCAR\0.3\4\clean.csv,C:\Users\daisl\Documents\Tullio\PARALLEL\MISSDC_EXPERIMENTS\data\cat_breeds\MCAR\0.3\4\dirty.csv,C:\Users\daisl\Documents\Tullio\PARALLEL\MISSDC_EXPERIMENTS\data\cat_breeds\MCAR\0.3\4\dirty_imputed.csv,,
HYPERIMPUTE,2026-06-10T02:35:35,ok,cat_breeds,MCAR,15,0.3,5,0.2123,0.2123,0.2123,4815,0,,403.555,1.0582,C:\Users\daisl\Documents\Tullio\PARALLEL\MISSDC_EXPERIMENTS\data\cat_breeds\MCAR\0.3\5\clean.csv,C:\Users\daisl\Documents\Tullio\PARALLEL\MISSDC_EXPERIMENTS\data\cat_breeds\MCAR\0.3\5\dirty.csv,C:\Users\daisl\Documents\Tullio\PARALLEL\MISSDC_EXPERIMENTS\data\cat_breeds\MCAR\0.3\5\dirty_imputed.csv,,
HYPERIMPUTE,2026-06-10T02:42:20,ok,cat_breeds,MNAR,15,0.01,1,0.2,0.2,0.2,150,0,,989.9905,0.9342,C:\Users\daisl\Documents\Tullio\PARALLEL\MISSDC_EXPERIMENTS\data\cat_breeds\MNAR\0.01\1\clean.csv,C:\Users\daisl\Documents\Tullio\PARALLEL\MISSDC_EXPERIMENTS\data\cat_breeds\MNAR\0.01\1\dirty.csv,C:\Users\daisl\Documents\Tullio\PARALLEL\MISSDC_EXPERIMENTS\data\cat_breeds\MNAR\0.01\1\dirty_imputed.csv,,
HYPERIMPUTE,2026-06-10T02:58:50,ok,cat_breeds,MNAR,15,0.01,2,0.2,0.2,0.2,150,0,,929.2244,1.0819,C:\Users\daisl\Documents\Tullio\PARALLEL\MISSDC_EXPERIMENTS\data\cat_breeds\MNAR\0.01\2\clean.csv,C:\Users\daisl\Documents\Tullio\PARALLEL\MISSDC_EXPERIMENTS\data\cat_breeds\MNAR\0.01\2\dirty.csv,C:\Users\daisl\Documents\Tullio\PARALLEL\MISSDC_EXPERIMENTS\data\cat_breeds\MNAR\0.01\2\dirty_imputed.csv,,
HYPERIMPUTE,2026-06-10T03:14:21,ok,cat_breeds,MNAR,15,0.01,3,0.2,0.2,0.2,150,0,,998.0494,0.933,C:\Users\daisl\Documents\Tullio\PARALLEL\MISSDC_EXPERIMENTS\data\cat_breeds\MNAR\0.01\3\clean.csv,C:\Users\daisl\Documents\Tullio\PARALLEL\MISSDC_EXPERIMENTS\data\cat_breeds\MNAR\0.01\3\dirty.csv,C:\Users\daisl\Documents\Tullio\PARALLEL\MISSDC_EXPERIMENTS\data\cat_breeds\MNAR\0.01\3\dirty_imputed.csv,,
HYPERIMPUTE,2026-06-10T03:31:00,ok,cat_breeds,MNAR,15,0.01,4,0.2,0.2,0.2,150,0,,1011.8267,1.0089,C:\Users\daisl\Documents\Tullio\PARALLEL\MISSDC_EXPERIMENTS\data\cat_breeds\MNAR\0.01\4\clean.csv,C:\Users\daisl\Documents\Tullio\PARALLEL\MISSDC_EXPERIMENTS\data\cat_breeds\MNAR\0.01\4\dirty.csv,C:\Users\daisl\Documents\Tullio\PARALLEL\MISSDC_EXPERIMENTS\data\cat_breeds\MNAR\0.01\4\dirty_imputed.csv,,
HYPERIMPUTE,2026-06-10T03:47:53,ok,cat_breeds,MNAR,15,0.01,5,0.2,0.2,0.2,150,0,,655.8436,0.9274,C:\Users\daisl\Documents\Tullio\PARALLEL\MISSDC_EXPERIMENTS\data\cat_breeds\MNAR\0.01\5\clean.csv,C:\Users\daisl\Documents\Tullio\PARALLEL\MISSDC_EXPERIMENTS\data\cat_breeds\MNAR\0.01\5\dirty.csv,C:\Users\daisl\Documents\Tullio\PARALLEL\MISSDC_EXPERIMENTS\data\cat_breeds\MNAR\0.01\5\dirty_imputed.csv,,
HYPERIMPUTE,2026-06-10T03:58:49,ok,cat_breeds,MNAR,15,0.05,1,0.244,0.244,0.244,795,0,,927.4435,0.982,C:\Users\daisl\Documents\Tullio\PARALLEL\MISSDC_EXPERIMENTS\data\cat_breeds\MNAR\0.05\1\clean.csv,C:\Users\daisl\Documents\Tullio\PARALLEL\MISSDC_EXPERIMENTS\data\cat_breeds\MNAR\0.05\1\dirty.csv,C:\Users\daisl\Documents\Tullio\PARALLEL\MISSDC_EXPERIMENTS\data\cat_breeds\MNAR\0.05\1\dirty_imputed.csv,,
HYPERIMPUTE,2026-06-10T04:14:18,ok,cat_breeds,MNAR,15,0.05,2,0.2264,0.2264,0.2264,795,0,,453.9854,0.952,C:\Users\daisl\Documents\Tullio\PARALLEL\MISSDC_EXPERIMENTS\data\cat_breeds\MNAR\0.05\2\clean.csv,C:\Users\daisl\Documents\Tullio\PARALLEL\MISSDC_EXPERIMENTS\data\cat_breeds\MNAR\0.05\2\dirty.csv,C:\Users\daisl\Documents\Tullio\PARALLEL\MISSDC_EXPERIMENTS\data\cat_breeds\MNAR\0.05\2\dirty_imputed.csv,,
HYPERIMPUTE,2026-06-10T04:21:53,ok,cat_breeds,MNAR,15,0.05,3,0.1333,0.1333,0.1333,795,0,,683.9246,1.0073,C:\Users\daisl\Documents\Tullio\PARALLEL\MISSDC_EXPERIMENTS\data\cat_breeds\MNAR\0.05\3\clean.csv,C:\Users\daisl\Documents\Tullio\PARALLEL\MISSDC_EXPERIMENTS\data\cat_breeds\MNAR\0.05\3\dirty.csv,C:\Users\daisl\Documents\Tullio\PARALLEL\MISSDC_EXPERIMENTS\data\cat_breeds\MNAR\0.05\3\dirty_imputed.csv,,
HYPERIMPUTE,2026-06-10T04:33:18,ok,cat_breeds,MNAR,15,0.05,4,0.2604,0.2604,0.2604,795,0,,384.3688,0.849,C:\Users\daisl\Documents\Tullio\PARALLEL\MISSDC_EXPERIMENTS\data\cat_breeds\MNAR\0.05\4\clean.csv,C:\Users\daisl\Documents\Tullio\PARALLEL\MISSDC_EXPERIMENTS\data\cat_breeds\MNAR\0.05\4\dirty.csv,C:\Users\daisl\Documents\Tullio\PARALLEL\MISSDC_EXPERIMENTS\data\cat_breeds\MNAR\0.05\4\dirty_imputed.csv,,
HYPERIMPUTE,2026-06-10T04:39:43,ok,cat_breeds,MNAR,15,0.05,5,0.1509,0.1509,0.1509,795,0,,343.1021,0.8651,C:\Users\daisl\Documents\Tullio\PARALLEL\MISSDC_EXPERIMENTS\data\cat_breeds\MNAR\0.05\5\clean.csv,C:\Users\daisl\Documents\Tullio\PARALLEL\MISSDC_EXPERIMENTS\data\cat_breeds\MNAR\0.05\5\dirty.csv,C:\Users\daisl\Documents\Tullio\PARALLEL\MISSDC_EXPERIMENTS\data\cat_breeds\MNAR\0.05\5\dirty_imputed.csv,,
HYPERIMPUTE,2026-06-10T04:45:27,ok,cat_breeds,MNAR,15,0.1,1,0.1819,0.1819,0.1819,1605,0,,564.3715,0.9439,C:\Users\daisl\Documents\Tullio\PARALLEL\MISSDC_EXPERIMENTS\data\cat_breeds\MNAR\0.1\1\clean.csv,C:\Users\daisl\Documents\Tullio\PARALLEL\MISSDC_EXPERIMENTS\data\cat_breeds\MNAR\0.1\1\dirty.csv,C:\Users\daisl\Documents\Tullio\PARALLEL\MISSDC_EXPERIMENTS\data\cat_breeds\MNAR\0.1\1\dirty_imputed.csv,,
HYPERIMPUTE,2026-06-10T04:54:52,ok,cat_breeds,MNAR,15,0.1,2,0.3545,0.3545,0.3545,1605,0,,391.7429,1.0114,C:\Users\daisl\Documents\Tullio\PARALLEL\MISSDC_EXPERIMENTS\data\cat_breeds\MNAR\0.1\2\clean.csv,C:\Users\daisl\Documents\Tullio\PARALLEL\MISSDC_EXPERIMENTS\data\cat_breeds\MNAR\0.1\2\dirty.csv,C:\Users\daisl\Documents\Tullio\PARALLEL\MISSDC_EXPERIMENTS\data\cat_breeds\MNAR\0.1\2\dirty_imputed.csv,,
HYPERIMPUTE,2026-06-10T05:01:25,ok,cat_breeds,MNAR,15,0.1,3,0.1234,0.1234,0.1234,1605,0,,368.474,0.9745,C:\Users\daisl\Documents\Tullio\PARALLEL\MISSDC_EXPERIMENTS\data\cat_breeds\MNAR\0.1\3\clean.csv,C:\Users\daisl\Documents\Tullio\PARALLEL\MISSDC_EXPERIMENTS\data\cat_breeds\MNAR\0.1\3\dirty.csv,C:\Users\daisl\Documents\Tullio\PARALLEL\MISSDC_EXPERIMENTS\data\cat_breeds\MNAR\0.1\3\dirty_imputed.csv,,
HYPERIMPUTE,2026-06-10T05:07:35,ok,cat_breeds,MNAR,15,0.1,4,0.2,0.2,0.2,1605,0,,299.2628,1.0067,C:\Users\daisl\Documents\Tullio\PARALLEL\MISSDC_EXPERIMENTS\data\cat_breeds\MNAR\0.1\4\clean.csv,C:\Users\daisl\Documents\Tullio\PARALLEL\MISSDC_EXPERIMENTS\data\cat_breeds\MNAR\0.1\4\dirty.csv,C:\Users\daisl\Documents\Tullio\PARALLEL\MISSDC_EXPERIMENTS\data\cat_breeds\MNAR\0.1\4\dirty_imputed.csv,,
HYPERIMPUTE,2026-06-10T05:12:35,ok,cat_breeds,MNAR,15,0.1,5,0.1925,0.1925,0.1925,1605,0,,377.2394,0.9484,C:\Users\daisl\Documents\Tullio\PARALLEL\MISSDC_EXPERIMENTS\data\cat_breeds\MNAR\0.1\5\clean.csv,C:\Users\daisl\Documents\Tullio\PARALLEL\MISSDC_EXPERIMENTS\data\cat_breeds\MNAR\0.1\5\dirty.csv,C:\Users\daisl\Documents\Tullio\PARALLEL\MISSDC_EXPERIMENTS\data\cat_breeds\MNAR\0.1\5\dirty_imputed.csv,,
HYPERIMPUTE,2026-06-10T05:18:53,ok,cat_breeds,MNAR,15,0.15,1,0.3042,0.3042,0.3042,2400,0,,481.7064,0.8772,C:\Users\daisl\Documents\Tullio\PARALLEL\MISSDC_EXPERIMENTS\data\cat_breeds\MNAR\0.15\1\clean.csv,C:\Users\daisl\Documents\Tullio\PARALLEL\MISSDC_EXPERIMENTS\data\cat_breeds\MNAR\0.15\1\dirty.csv,C:\Users\daisl\Documents\Tullio\PARALLEL\MISSDC_EXPERIMENTS\data\cat_breeds\MNAR\0.15\1\dirty_imputed.csv,,
HYPERIMPUTE,2026-06-10T05:26:56,ok,cat_breeds,MNAR,15,0.15,2,0.1621,0.1621,0.1621,2400,0,,435.4165,1.3634,C:\Users\daisl\Documents\Tullio\PARALLEL\MISSDC_EXPERIMENTS\data\cat_breeds\MNAR\0.15\2\clean.csv,C:\Users\daisl\Documents\Tullio\PARALLEL\MISSDC_EXPERIMENTS\data\cat_breeds\MNAR\0.15\2\dirty.csv,C:\Users\daisl\Documents\Tullio\PARALLEL\MISSDC_EXPERIMENTS\data\cat_breeds\MNAR\0.15\2\dirty_imputed.csv,,
HYPERIMPUTE,2026-06-10T05:34:12,ok,cat_breeds,MNAR,15,0.15,3,0.2238,0.2238,0.2238,2400,0,,675.8947,1.1199,C:\Users\daisl\Documents\Tullio\PARALLEL\MISSDC_EXPERIMENTS\data\cat_breeds\MNAR\0.15\3\clean.csv,C:\Users\daisl\Documents\Tullio\PARALLEL\MISSDC_EXPERIMENTS\data\cat_breeds\MNAR\0.15\3\dirty.csv,C:\Users\daisl\Documents\Tullio\PARALLEL\MISSDC_EXPERIMENTS\data\cat_breeds\MNAR\0.15\3\dirty_imputed.csv,,
HYPERIMPUTE,2026-06-10T05:45:29,ok,cat_breeds,MNAR,15,0.15,4,0.2233,0.2233,0.2233,2400,0,,434.822,1.2434,C:\Users\daisl\Documents\Tullio\PARALLEL\MISSDC_EXPERIMENTS\data\cat_breeds\MNAR\0.15\4\clean.csv,C:\Users\daisl\Documents\Tullio\PARALLEL\MISSDC_EXPERIMENTS\data\cat_breeds\MNAR\0.15\4\dirty.csv,C:\Users\daisl\Documents\Tullio\PARALLEL\MISSDC_EXPERIMENTS\data\cat_breeds\MNAR\0.15\4\dirty_imputed.csv,,
HYPERIMPUTE,2026-06-10T05:52:45,ok,cat_breeds,MNAR,15,0.15,5,0.2275,0.2275,0.2275,2400,0,,563.6809,1.1669,C:\Users\daisl\Documents\Tullio\PARALLEL\MISSDC_EXPERIMENTS\data\cat_breeds\MNAR\0.15\5\clean.csv,C:\Users\daisl\Documents\Tullio\PARALLEL\MISSDC_EXPERIMENTS\data\cat_breeds\MNAR\0.15\5\dirty.csv,C:\Users\daisl\Documents\Tullio\PARALLEL\MISSDC_EXPERIMENTS\data\cat_breeds\MNAR\0.15\5\dirty_imputed.csv,,
HYPERIMPUTE,2026-06-10T06:02:10,ok,cat_breeds,MNAR,15,0.2,1,0.1984,0.1984,0.1984,3210,0,,407.8178,1.1495,C:\Users\daisl\Documents\Tullio\PARALLEL\MISSDC_EXPERIMENTS\data\cat_breeds\MNAR\0.2\1\clean.csv,C:\Users\daisl\Documents\Tullio\PARALLEL\MISSDC_EXPERIMENTS\data\cat_breeds\MNAR\0.2\1\dirty.csv,C:\Users\daisl\Documents\Tullio\PARALLEL\MISSDC_EXPERIMENTS\data\cat_breeds\MNAR\0.2\1\dirty_imputed.csv,,
HYPERIMPUTE,2026-06-10T09:55:31,ok,cat_breeds,MNAR,15,0.2,2,0.1508,0.1508,0.1508,3210,0,,531.6817,1.1334,C:\Users\daisl\Documents\Tullio\PARALLEL\MISSDC_EXPERIMENTS\data\cat_breeds\MNAR\0.2\2\clean.csv,C:\Users\daisl\Documents\Tullio\PARALLEL\MISSDC_EXPERIMENTS\data\cat_breeds\MNAR\0.2\2\dirty.csv,C:\Users\daisl\Documents\Tullio\PARALLEL\MISSDC_EXPERIMENTS\data\cat_breeds\MNAR\0.2\2\dirty_imputed.csv,,
HYPERIMPUTE,2026-06-10T10:04:24,ok,cat_breeds,MNAR,15,0.2,3,0.1819,0.1819,0.1819,3210,0,,474.7991,0.8419,C:\Users\daisl\Documents\Tullio\PARALLEL\MISSDC_EXPERIMENTS\data\cat_breeds\MNAR\0.2\3\clean.csv,C:\Users\daisl\Documents\Tullio\PARALLEL\MISSDC_EXPERIMENTS\data\cat_breeds\MNAR\0.2\3\dirty.csv,C:\Users\daisl\Documents\Tullio\PARALLEL\MISSDC_EXPERIMENTS\data\cat_breeds\MNAR\0.2\3\dirty_imputed.csv,,
HYPERIMPUTE,2026-06-10T10:12:20,ok,cat_breeds,MNAR,15,0.2,4,0.2411,0.2411,0.2411,3210,0,,341.1384,0.8913,C:\Users\daisl\Documents\Tullio\PARALLEL\MISSDC_EXPERIMENTS\data\cat_breeds\MNAR\0.2\4\clean.csv,C:\Users\daisl\Documents\Tullio\PARALLEL\MISSDC_EXPERIMENTS\data\cat_breeds\MNAR\0.2\4\dirty.csv,C:\Users\daisl\Documents\Tullio\PARALLEL\MISSDC_EXPERIMENTS\data\cat_breeds\MNAR\0.2\4\dirty_imputed.csv,,
HYPERIMPUTE,2026-06-10T10:18:02,ok,cat_breeds,MNAR,15,0.2,5,0.1891,0.1891,0.1891,3210,0,,447.7052,1.017,C:\Users\daisl\Documents\Tullio\PARALLEL\MISSDC_EXPERIMENTS\data\cat_breeds\MNAR\0.2\5\clean.csv,C:\Users\daisl\Documents\Tullio\PARALLEL\MISSDC_EXPERIMENTS\data\cat_breeds\MNAR\0.2\5\dirty.csv,C:\Users\daisl\Documents\Tullio\PARALLEL\MISSDC_EXPERIMENTS\data\cat_breeds\MNAR\0.2\5\dirty_imputed.csv,,
HYPERIMPUTE,2026-06-10T10:25:31,ok,cat_breeds,MNAR,15,0.25,1,0.1556,0.1556,0.1556,4005,0,,367.5908,1.0155,C:\Users\daisl\Documents\Tullio\PARALLEL\MISSDC_EXPERIMENTS\data\cat_breeds\MNAR\0.25\1\clean.csv,C:\Users\daisl\Documents\Tullio\PARALLEL\MISSDC_EXPERIMENTS\data\cat_breeds\MNAR\0.25\1\dirty.csv,C:\Users\daisl\Documents\Tullio\PARALLEL\MISSDC_EXPERIMENTS\data\cat_breeds\MNAR\0.25\1\dirty_imputed.csv,,
HYPERIMPUTE,2026-06-10T10:31:39,ok,cat_breeds,MNAR,15,0.25,2,0.2365,0.2365,0.2365,4005,0,,268.6567,1.0038,C:\Users\daisl\Documents\Tullio\PARALLEL\MISSDC_EXPERIMENTS\data\cat_breeds\MNAR\0.25\2\clean.csv,C:\Users\daisl\Documents\Tullio\PARALLEL\MISSDC_EXPERIMENTS\data\cat_breeds\MNAR\0.25\2\dirty.csv,C:\Users\daisl\Documents\Tullio\PARALLEL\MISSDC_EXPERIMENTS\data\cat_breeds\MNAR\0.25\2\dirty_imputed.csv,,
HYPERIMPUTE,2026-06-10T10:36:09,ok,cat_breeds,MNAR,15,0.25,3,0.2117,0.2117,0.2117,4005,0,,359.948,1.0075,C:\Users\daisl\Documents\Tullio\PARALLEL\MISSDC_EXPERIMENTS\data\cat_breeds\MNAR\0.25\3\clean.csv,C:\Users\daisl\Documents\Tullio\PARALLEL\MISSDC_EXPERIMENTS\data\cat_breeds\MNAR\0.25\3\dirty.csv,C:\Users\daisl\Documents\Tullio\PARALLEL\MISSDC_EXPERIMENTS\data\cat_breeds\MNAR\0.25\3\dirty_imputed.csv,,
HYPERIMPUTE,2026-06-10T10:42:10,ok,cat_breeds,MNAR,15,0.25,4,0.2327,0.2327,0.2327,4005,0,,486.6931,1.0726,C:\Users\daisl\Documents\Tullio\PARALLEL\MISSDC_EXPERIMENTS\data\cat_breeds\MNAR\0.25\4\clean.csv,C:\Users\daisl\Documents\Tullio\PARALLEL\MISSDC_EXPERIMENTS\data\cat_breeds\MNAR\0.25\4\dirty.csv,C:\Users\daisl\Documents\Tullio\PARALLEL\MISSDC_EXPERIMENTS\data\cat_breeds\MNAR\0.25\4\dirty_imputed.csv,,
HYPERIMPUTE,2026-06-10T10:50:18,ok,cat_breeds,MNAR,15,0.25,5,0.1848,0.1848,0.1848,4005,0,,439.2401,1.0599,C:\Users\daisl\Documents\Tullio\PARALLEL\MISSDC_EXPERIMENTS\data\cat_breeds\MNAR\0.25\5\clean.csv,C:\Users\daisl\Documents\Tullio\PARALLEL\MISSDC_EXPERIMENTS\data\cat_breeds\MNAR\0.25\5\dirty.csv,C:\Users\daisl\Documents\Tullio\PARALLEL\MISSDC_EXPERIMENTS\data\cat_breeds\MNAR\0.25\5\dirty_imputed.csv,,
HYPERIMPUTE,2026-06-10T10:57:38,ok,cat_breeds,MNAR,15,0.3,1,0.1946,0.1946,0.1946,4815,0,,368.4791,0.8936,C:\Users\daisl\Documents\Tullio\PARALLEL\MISSDC_EXPERIMENTS\data\cat_breeds\MNAR\0.3\1\clean.csv,C:\Users\daisl\Documents\Tullio\PARALLEL\MISSDC_EXPERIMENTS\data\cat_breeds\MNAR\0.3\1\dirty.csv,C:\Users\daisl\Documents\Tullio\PARALLEL\MISSDC_EXPERIMENTS\data\cat_breeds\MNAR\0.3\1\dirty_imputed.csv,,
HYPERIMPUTE,2026-06-10T11:03:47,ok,cat_breeds,MNAR,15,0.3,2,0.215,0.215,0.215,4815,0,,334.1856,1.0654,C:\Users\daisl\Documents\Tullio\PARALLEL\MISSDC_EXPERIMENTS\data\cat_breeds\MNAR\0.3\2\clean.csv,C:\Users\daisl\Documents\Tullio\PARALLEL\MISSDC_EXPERIMENTS\data\cat_breeds\MNAR\0.3\2\dirty.csv,C:\Users\daisl\Documents\Tullio\PARALLEL\MISSDC_EXPERIMENTS\data\cat_breeds\MNAR\0.3\2\dirty_imputed.csv,,
HYPERIMPUTE,2026-06-10T11:09:23,ok,cat_breeds,MNAR,15,0.3,3,0.194,0.194,0.194,4815,0,,400.9234,1.0312,C:\Users\daisl\Documents\Tullio\PARALLEL\MISSDC_EXPERIMENTS\data\cat_breeds\MNAR\0.3\3\clean.csv,C:\Users\daisl\Documents\Tullio\PARALLEL\MISSDC_EXPERIMENTS\data\cat_breeds\MNAR\0.3\3\dirty.csv,C:\Users\daisl\Documents\Tullio\PARALLEL\MISSDC_EXPERIMENTS\data\cat_breeds\MNAR\0.3\3\dirty_imputed.csv,,
HYPERIMPUTE,2026-06-10T11:16:05,ok,cat_breeds,MNAR,15,0.3,4,0.151,0.151,0.151,4815,0,,426.1507,1.0317,C:\Users\daisl\Documents\Tullio\PARALLEL\MISSDC_EXPERIMENTS\data\cat_breeds\MNAR\0.3\4\clean.csv,C:\Users\daisl\Documents\Tullio\PARALLEL\MISSDC_EXPERIMENTS\data\cat_breeds\MNAR\0.3\4\dirty.csv,C:\Users\daisl\Documents\Tullio\PARALLEL\MISSDC_EXPERIMENTS\data\cat_breeds\MNAR\0.3\4\dirty_imputed.csv,,
HYPERIMPUTE,2026-06-10T11:23:12,ok,cat_breeds,MNAR,15,0.3,5,0.1458,0.1458,0.1458,4815,0,,538.181,1.0578,C:\Users\daisl\Documents\Tullio\PARALLEL\MISSDC_EXPERIMENTS\data\cat_breeds\MNAR\0.3\5\clean.csv,C:\Users\daisl\Documents\Tullio\PARALLEL\MISSDC_EXPERIMENTS\data\cat_breeds\MNAR\0.3\5\dirty.csv,C:\Users\daisl\Documents\Tullio\PARALLEL\MISSDC_EXPERIMENTS\data\cat_breeds\MNAR\0.3\5\dirty_imputed.csv,,
HYPERIMPUTE,2026-06-10T11:32:11,ok,data_science,MAR,9,0.01,1,0.2778,0.2778,0.2778,54,0,,331.4332,0.8745,C:\Users\daisl\Documents\Tullio\PARALLEL\MISSDC_EXPERIMENTS\data\data_science\MAR\0.01\1\clean.csv,C:\Users\daisl\Documents\Tullio\PARALLEL\MISSDC_EXPERIMENTS\data\data_science\MAR\0.01\1\dirty.csv,C:\Users\daisl\Documents\Tullio\PARALLEL\MISSDC_EXPERIMENTS\data\data_science\MAR\0.01\1\dirty_imputed.csv,,
HYPERIMPUTE,2026-06-10T11:37:43,ok,data_science,MAR,9,0.01,2,0.3704,0.3704,0.3704,54,0,,304.8906,0.8685,C:\Users\daisl\Documents\Tullio\PARALLEL\MISSDC_EXPERIMENTS\data\data_science\MAR\0.01\2\clean.csv,C:\Users\daisl\Documents\Tullio\PARALLEL\MISSDC_EXPERIMENTS\data\data_science\MAR\0.01\2\dirty.csv,C:\Users\daisl\Documents\Tullio\PARALLEL\MISSDC_EXPERIMENTS\data\data_science\MAR\0.01\2\dirty_imputed.csv,,
HYPERIMPUTE,2026-06-10T11:42:49,ok,data_science,MAR,9,0.01,3,0.2037,0.2037,0.2037,54,0,,347.4845,0.79,C:\Users\daisl\Documents\Tullio\PARALLEL\MISSDC_EXPERIMENTS\data\data_science\MAR\0.01\3\clean.csv,C:\Users\daisl\Documents\Tullio\PARALLEL\MISSDC_EXPERIMENTS\data\data_science\MAR\0.01\3\dirty.csv,C:\Users\daisl\Documents\Tullio\PARALLEL\MISSDC_EXPERIMENTS\data\data_science\MAR\0.01\3\dirty_imputed.csv,,
HYPERIMPUTE,2026-06-10T11:48:37,ok,data_science,MAR,9,0.01,4,0.2222,0.2222,0.2222,54,0,,242.9343,0.8798,C:\Users\daisl\Documents\Tullio\PARALLEL\MISSDC_EXPERIMENTS\data\data_science\MAR\0.01\4\clean.csv,C:\Users\daisl\Documents\Tullio\PARALLEL\MISSDC_EXPERIMENTS\data\data_science\MAR\0.01\4\dirty.csv,C:\Users\daisl\Documents\Tullio\PARALLEL\MISSDC_EXPERIMENTS\data\data_science\MAR\0.01\4\dirty_imputed.csv,,
HYPERIMPUTE,2026-06-10T11:52:41,ok,data_science,MAR,9,0.01,5,0.2037,0.2037,0.2037,54,0,,299.9825,0.9032,C:\Users\daisl\Documents\Tullio\PARALLEL\MISSDC_EXPERIMENTS\data\data_science\MAR\0.01\5\clean.csv,C:\Users\daisl\Documents\Tullio\PARALLEL\MISSDC_EXPERIMENTS\data\data_science\MAR\0.01\5\dirty.csv,C:\Users\daisl\Documents\Tullio\PARALLEL\MISSDC_EXPERIMENTS\data\data_science\MAR\0.01\5\dirty_imputed.csv,,
HYPERIMPUTE,2026-06-10T11:57:42,ok,data_science,MAR,9,0.05,1,0.3333,0.3333,0.3333,270,0,,310.4564,0.9136,C:\Users\daisl\Documents\Tullio\PARALLEL\MISSDC_EXPERIMENTS\data\data_science\MAR\0.05\1\clean.csv,C:\Users\daisl\Documents\Tullio\PARALLEL\MISSDC_EXPERIMENTS\data\data_science\MAR\0.05\1\dirty.csv,C:\Users\daisl\Documents\Tullio\PARALLEL\MISSDC_EXPERIMENTS\data\data_science\MAR\0.05\1\dirty_imputed.csv,,
HYPERIMPUTE,2026-06-10T12:02:54,ok,data_science,MAR,9,0.05,2,0.2593,0.2593,0.2593,270,0,,480.5816,0.9196,C:\Users\daisl\Documents\Tullio\PARALLEL\MISSDC_EXPERIMENTS\data\data_science\MAR\0.05\2\clean.csv,C:\Users\daisl\Documents\Tullio\PARALLEL\MISSDC_EXPERIMENTS\data\data_science\MAR\0.05\2\dirty.csv,C:\Users\daisl\Documents\Tullio\PARALLEL\MISSDC_EXPERIMENTS\data\data_science\MAR\0.05\2\dirty_imputed.csv,,
HYPERIMPUTE,2026-06-10T12:10:55,ok,data_science,MAR,9,0.05,3,0.2481,0.2481,0.2481,270,0,,331.0616,0.9472,C:\Users\daisl\Documents\Tullio\PARALLEL\MISSDC_EXPERIMENTS\data\data_science\MAR\0.05\3\clean.csv,C:\Users\daisl\Documents\Tullio\PARALLEL\MISSDC_EXPERIMENTS\data\data_science\MAR\0.05\3\dirty.csv,C:\Users\daisl\Documents\Tullio\PARALLEL\MISSDC_EXPERIMENTS\data\data_science\MAR\0.05\3\dirty_imputed.csv,,
HYPERIMPUTE,2026-06-10T12:16:27,ok,data_science,MAR,9,0.05,4,0.3037,0.3037,0.3037,270,0,,348.0074,0.9218,C:\Users\daisl\Documents\Tullio\PARALLEL\MISSDC_EXPERIMENTS\data\data_science\MAR\0.05\4\clean.csv,C:\Users\daisl\Documents\Tullio\PARALLEL\MISSDC_EXPERIMENTS\data\data_science\MAR\0.05\4\dirty.csv,C:\Users\daisl\Documents\Tullio\PARALLEL\MISSDC_EXPERIMENTS\data\data_science\MAR\0.05\4\dirty_imputed.csv,,
HYPERIMPUTE,2026-06-10T12:22:16,ok,data_science,MAR,9,0.05,5,0.2148,0.2148,0.2148,270,0,,238.8068,0.9018,C:\Users\daisl\Documents\Tullio\PARALLEL\MISSDC_EXPERIMENTS\data\data_science\MAR\0.05\5\clean.csv,C:\Users\daisl\Documents\Tullio\PARALLEL\MISSDC_EXPERIMENTS\data\data_science\MAR\0.05\5\dirty.csv,C:\Users\daisl\Documents\Tullio\PARALLEL\MISSDC_EXPERIMENTS\data\data_science\MAR\0.05\5\dirty_imputed.csv,,
HYPERIMPUTE,2026-06-10T12:26:16,ok,data_science,MAR,9,0.1,1,0.2463,0.2463,0.2463,540,0,,322.0011,0.86,C:\Users\daisl\Documents\Tullio\PARALLEL\MISSDC_EXPERIMENTS\data\data_science\MAR\0.1\1\clean.csv,C:\Users\daisl\Documents\Tullio\PARALLEL\MISSDC_EXPERIMENTS\data\data_science\MAR\0.1\1\dirty.csv,C:\Users\daisl\Documents\Tullio\PARALLEL\MISSDC_EXPERIMENTS\data\data_science\MAR\0.1\1\dirty_imputed.csv,,
HYPERIMPUTE,2026-06-10T12:31:39,ok,data_science,MAR,9,0.1,2,0.2296,0.2296,0.2296,540,0,,307.8264,0.7836,C:\Users\daisl\Documents\Tullio\PARALLEL\MISSDC_EXPERIMENTS\data\data_science\MAR\0.1\2\clean.csv,C:\Users\daisl\Documents\Tullio\PARALLEL\MISSDC_EXPERIMENTS\data\data_science\MAR\0.1\2\dirty.csv,C:\Users\daisl\Documents\Tullio\PARALLEL\MISSDC_EXPERIMENTS\data\data_science\MAR\0.1\2\dirty_imputed.csv,,
HYPERIMPUTE,2026-06-10T12:36:47,ok,data_science,MAR,9,0.1,3,0.1944,0.1944,0.1944,540,0,,388.9504,0.8835,C:\Users\daisl\Documents\Tullio\PARALLEL\MISSDC_EXPERIMENTS\data\data_science\MAR\0.1\3\clean.csv,C:\Users\daisl\Documents\Tullio\PARALLEL\MISSDC_EXPERIMENTS\data\data_science\MAR\0.1\3\dirty.csv,C:\Users\daisl\Documents\Tullio\PARALLEL\MISSDC_EXPERIMENTS\data\data_science\MAR\0.1\3\dirty_imputed.csv,,
HYPERIMPUTE,2026-06-10T12:43:17,ok,data_science,MAR,9,0.1,4,0.1944,0.1944,0.1944,540,0,,345.5781,0.9252,C:\Users\daisl\Documents\Tullio\PARALLEL\MISSDC_EXPERIMENTS\data\data_science\MAR\0.1\4\clean.csv,C:\Users\daisl\Documents\Tullio\PARALLEL\MISSDC_EXPERIMENTS\data\data_science\MAR\0.1\4\dirty.csv,C:\Users\daisl\Documents\Tullio\PARALLEL\MISSDC_EXPERIMENTS\data\data_science\MAR\0.1\4\dirty_imputed.csv,,
HYPERIMPUTE,2026-06-10T12:49:04,ok,data_science,MAR,9,0.1,5,0.1741,0.1741,0.1741,540,0,,329.1946,0.9043,C:\Users\daisl\Documents\Tullio\PARALLEL\MISSDC_EXPERIMENTS\data\data_science\MAR\0.1\5\clean.csv,C:\Users\daisl\Documents\Tullio\PARALLEL\MISSDC_EXPERIMENTS\data\data_science\MAR\0.1\5\dirty.csv,C:\Users\daisl\Documents\Tullio\PARALLEL\MISSDC_EXPERIMENTS\data\data_science\MAR\0.1\5\dirty_imputed.csv,,
HYPERIMPUTE,2026-06-10T12:54:34,ok,data_science,MAR,9,0.15,1,0.2674,0.2674,0.2674,819,0,,331.6994,0.9148,C:\Users\daisl\Documents\Tullio\PARALLEL\MISSDC_EXPERIMENTS\data\data_science\MAR\0.15\1\clean.csv,C:\Users\daisl\Documents\Tullio\PARALLEL\MISSDC_EXPERIMENTS\data\data_science\MAR\0.15\1\dirty.csv,C:\Users\daisl\Documents\Tullio\PARALLEL\MISSDC_EXPERIMENTS\data\data_science\MAR\0.15\1\dirty_imputed.csv,,
HYPERIMPUTE,2026-06-10T13:00:06,ok,data_science,MAR,9,0.15,2,0.2357,0.2357,0.2357,819,0,,409.6759,0.9548,C:\Users\daisl\Documents\Tullio\PARALLEL\MISSDC_EXPERIMENTS\data\data_science\MAR\0.15\2\clean.csv,C:\Users\daisl\Documents\Tullio\PARALLEL\MISSDC_EXPERIMENTS\data\data_science\MAR\0.15\2\dirty.csv,C:\Users\daisl\Documents\Tullio\PARALLEL\MISSDC_EXPERIMENTS\data\data_science\MAR\0.15\2\dirty_imputed.csv,,
HYPERIMPUTE,2026-06-10T13:06:57,ok,data_science,MAR,9,0.15,3,0.2759,0.2759,0.2759,819,0,,406.4931,0.9185,C:\Users\daisl\Documents\Tullio\PARALLEL\MISSDC_EXPERIMENTS\data\data_science\MAR\0.15\3\clean.csv,C:\Users\daisl\Documents\Tullio\PARALLEL\MISSDC_EXPERIMENTS\data\data_science\MAR\0.15\3\dirty.csv,C:\Users\daisl\Documents\Tullio\PARALLEL\MISSDC_EXPERIMENTS\data\data_science\MAR\0.15\3\dirty_imputed.csv,,
HYPERIMPUTE,2026-06-10T13:13:44,ok,data_science,MAR,9,0.15,4,0.3065,0.3065,0.3065,819,0,,344.4736,0.8701,C:\Users\daisl\Documents\Tullio\PARALLEL\MISSDC_EXPERIMENTS\data\data_science\MAR\0.15\4\clean.csv,C:\Users\daisl\Documents\Tullio\PARALLEL\MISSDC_EXPERIMENTS\data\data_science\MAR\0.15\4\dirty.csv,C:\Users\daisl\Documents\Tullio\PARALLEL\MISSDC_EXPERIMENTS\data\data_science\MAR\0.15\4\dirty_imputed.csv,,
HYPERIMPUTE,2026-06-10T13:19:30,ok,data_science,MAR,9,0.15,5,0.2088,0.2088,0.2088,819,0,,353.4565,0.7585,C:\Users\daisl\Documents\Tullio\PARALLEL\MISSDC_EXPERIMENTS\data\data_science\MAR\0.15\5\clean.csv,C:\Users\daisl\Documents\Tullio\PARALLEL\MISSDC_EXPERIMENTS\data\data_science\MAR\0.15\5\dirty.csv,C:\Users\daisl\Documents\Tullio\PARALLEL\MISSDC_EXPERIMENTS\data\data_science\MAR\0.15\5\dirty_imputed.csv,,
HYPERIMPUTE,2026-06-10T13:25:24,ok,data_science,MAR,9,0.2,1,0.2075,0.2075,0.2075,1089,0,,111.0484,0.8327,C:\Users\daisl\Documents\Tullio\PARALLEL\MISSDC_EXPERIMENTS\data\data_science\MAR\0.2\1\clean.csv,C:\Users\daisl\Documents\Tullio\PARALLEL\MISSDC_EXPERIMENTS\data\data_science\MAR\0.2\1\dirty.csv,C:\Users\daisl\Documents\Tullio\PARALLEL\MISSDC_EXPERIMENTS\data\data_science\MAR\0.2\1\dirty_imputed.csv,,
HYPERIMPUTE,2026-06-10T13:27:16,ok,data_science,MAR,9,0.2,2,0.2746,0.2746,0.2746,1089,0,,113.4302,0.8464,C:\Users\daisl\Documents\Tullio\PARALLEL\MISSDC_EXPERIMENTS\data\data_science\MAR\0.2\2\clean.csv,C:\Users\daisl\Documents\Tullio\PARALLEL\MISSDC_EXPERIMENTS\data\data_science\MAR\0.2\2\dirty.csv,C:\Users\daisl\Documents\Tullio\PARALLEL\MISSDC_EXPERIMENTS\data\data_science\MAR\0.2\2\dirty_imputed.csv,,
HYPERIMPUTE,2026-06-10T13:29:10,ok,data_science,MAR,9,0.2,3,0.2672,0.2672,0.2672,1089,0,,109.427,0.8581,C:\Users\daisl\Documents\Tullio\PARALLEL\MISSDC_EXPERIMENTS\data\data_science\MAR\0.2\3\clean.csv,C:\Users\daisl\Documents\Tullio\PARALLEL\MISSDC_EXPERIMENTS\data\data_science\MAR\0.2\3\dirty.csv,C:\Users\daisl\Documents\Tullio\PARALLEL\MISSDC_EXPERIMENTS\data\data_science\MAR\0.2\3\dirty_imputed.csv,,
HYPERIMPUTE,2026-06-10T13:31:01,ok,data_science,MAR,9,0.2,4,0.2314,0.2314,0.2314,1089,0,,125.0371,0.9005,C:\Users\daisl\Documents\Tullio\PARALLEL\MISSDC_EXPERIMENTS\data\data_science\MAR\0.2\4\clean.csv,C:\Users\daisl\Documents\Tullio\PARALLEL\MISSDC_EXPERIMENTS\data\data_science\MAR\0.2\4\dirty.csv,C:\Users\daisl\Documents\Tullio\PARALLEL\MISSDC_EXPERIMENTS\data\data_science\MAR\0.2\4\dirty_imputed.csv,,
HYPERIMPUTE,2026-06-10T13:33:07,ok,data_science,MAR,9,0.2,5,0.2452,0.2452,0.2452,1089,0,,125.3376,0.9102,C:\Users\daisl\Documents\Tullio\PARALLEL\MISSDC_EXPERIMENTS\data\data_science\MAR\0.2\5\clean.csv,C:\Users\daisl\Documents\Tullio\PARALLEL\MISSDC_EXPERIMENTS\data\data_science\MAR\0.2\5\dirty.csv,C:\Users\daisl\Documents\Tullio\PARALLEL\MISSDC_EXPERIMENTS\data\data_science\MAR\0.2\5\dirty_imputed.csv,,
HYPERIMPUTE,2026-06-10T13:35:13,ok,data_science,MAR,9,0.25,1,0.2671,0.2671,0.2671,1359,0,,134.2677,0.9154,C:\Users\daisl\Documents\Tullio\PARALLEL\MISSDC_EXPERIMENTS\data\data_science\MAR\0.25\1\clean.csv,C:\Users\daisl\Documents\Tullio\PARALLEL\MISSDC_EXPERIMENTS\data\data_science\MAR\0.25\1\dirty.csv,C:\Users\daisl\Documents\Tullio\PARALLEL\MISSDC_EXPERIMENTS\data\data_science\MAR\0.25\1\dirty_imputed.csv,,
HYPERIMPUTE,2026-06-10T13:37:28,ok,data_science,MAR,9,0.25,2,0.2723,0.2723,0.2723,1359,0,,131.573,0.9113,C:\Users\daisl\Documents\Tullio\PARALLEL\MISSDC_EXPERIMENTS\data\data_science\MAR\0.25\2\clean.csv,C:\Users\daisl\Documents\Tullio\PARALLEL\MISSDC_EXPERIMENTS\data\data_science\MAR\0.25\2\dirty.csv,C:\Users\daisl\Documents\Tullio\PARALLEL\MISSDC_EXPERIMENTS\data\data_science\MAR\0.25\2\dirty_imputed.csv,,
HYPERIMPUTE,2026-06-10T13:39:40,ok,data_science,MAR,9,0.25,3,0.2156,0.2156,0.2156,1359,0,,144.0787,0.9147,C:\Users\daisl\Documents\Tullio\PARALLEL\MISSDC_EXPERIMENTS\data\data_science\MAR\0.25\3\clean.csv,C:\Users\daisl\Documents\Tullio\PARALLEL\MISSDC_EXPERIMENTS\data\data_science\MAR\0.25\3\dirty.csv,C:\Users\daisl\Documents\Tullio\PARALLEL\MISSDC_EXPERIMENTS\data\data_science\MAR\0.25\3\dirty_imputed.csv,,
HYPERIMPUTE,2026-06-10T13:42:05,ok,data_science,MAR,9,0.25,4,0.2443,0.2443,0.2443,1359,0,,130.2839,0.8864,C:\Users\daisl\Documents\Tullio\PARALLEL\MISSDC_EXPERIMENTS\data\data_science\MAR\0.25\4\clean.csv,C:\Users\daisl\Documents\Tullio\PARALLEL\MISSDC_EXPERIMENTS\data\data_science\MAR\0.25\4\dirty.csv,C:\Users\daisl\Documents\Tullio\PARALLEL\MISSDC_EXPERIMENTS\data\data_science\MAR\0.25\4\dirty_imputed.csv,,
HYPERIMPUTE,2026-06-10T13:44:17,ok,data_science,MAR,9,0.25,5,0.3105,0.3105,0.3105,1359,0,,132.8306,0.8907,C:\Users\daisl\Documents\Tullio\PARALLEL\MISSDC_EXPERIMENTS\data\data_science\MAR\0.25\5\clean.csv,C:\Users\daisl\Documents\Tullio\PARALLEL\MISSDC_EXPERIMENTS\data\data_science\MAR\0.25\5\dirty.csv,C:\Users\daisl\Documents\Tullio\PARALLEL\MISSDC_EXPERIMENTS\data\data_science\MAR\0.25\5\dirty_imputed.csv,,
HYPERIMPUTE,2026-06-10T13:46:30,ok,data_science,MAR,9,0.3,1,0.2192,0.2192,0.2192,1638,0,,145.674,0.91,C:\Users\daisl\Documents\Tullio\PARALLEL\MISSDC_EXPERIMENTS\data\data_science\MAR\0.3\1\clean.csv,C:\Users\daisl\Documents\Tullio\PARALLEL\MISSDC_EXPERIMENTS\data\data_science\MAR\0.3\1\dirty.csv,C:\Users\daisl\Documents\Tullio\PARALLEL\MISSDC_EXPERIMENTS\data\data_science\MAR\0.3\1\dirty_imputed.csv,,
HYPERIMPUTE,2026-06-10T13:48:57,ok,data_science,MAR,9,0.3,2,0.2448,0.2448,0.2448,1638,0,,137.4145,0.9048,C:\Users\daisl\Documents\Tullio\PARALLEL\MISSDC_EXPERIMENTS\data\data_science\MAR\0.3\2\clean.csv,C:\Users\daisl\Documents\Tullio\PARALLEL\MISSDC_EXPERIMENTS\data\data_science\MAR\0.3\2\dirty.csv,C:\Users\daisl\Documents\Tullio\PARALLEL\MISSDC_EXPERIMENTS\data\data_science\MAR\0.3\2\dirty_imputed.csv,,
HYPERIMPUTE,2026-06-10T13:51:15,ok,data_science,MAR,9,0.3,3,0.2466,0.2466,0.2466,1638,0,,145.3063,0.9163,C:\Users\daisl\Documents\Tullio\PARALLEL\MISSDC_EXPERIMENTS\data\data_science\MAR\0.3\3\clean.csv,C:\Users\daisl\Documents\Tullio\PARALLEL\MISSDC_EXPERIMENTS\data\data_science\MAR\0.3\3\dirty.csv,C:\Users\daisl\Documents\Tullio\PARALLEL\MISSDC_EXPERIMENTS\data\data_science\MAR\0.3\3\dirty_imputed.csv,,
HYPERIMPUTE,2026-06-10T13:53:42,ok,data_science,MAR,9,0.3,4,0.2778,0.2778,0.2778,1638,0,,105.9107,0.9856,C:\Users\daisl\Documents\Tullio\PARALLEL\MISSDC_EXPERIMENTS\data\data_science\MAR\0.3\4\clean.csv,C:\Users\daisl\Documents\Tullio\PARALLEL\MISSDC_EXPERIMENTS\data\data_science\MAR\0.3\4\dirty.csv,C:\Users\daisl\Documents\Tullio\PARALLEL\MISSDC_EXPERIMENTS\data\data_science\MAR\0.3\4\dirty_imputed.csv,,
HYPERIMPUTE,2026-06-10T13:55:28,ok,data_science,MAR,9,0.3,5,0.2766,0.2766,0.2766,1638,0,,143.1916,0.9102,C:\Users\daisl\Documents\Tullio\PARALLEL\MISSDC_EXPERIMENTS\data\data_science\MAR\0.3\5\clean.csv,C:\Users\daisl\Documents\Tullio\PARALLEL\MISSDC_EXPERIMENTS\data\data_science\MAR\0.3\5\dirty.csv,C:\Users\daisl\Documents\Tullio\PARALLEL\MISSDC_EXPERIMENTS\data\data_science\MAR\0.3\5\dirty_imputed.csv,,
HYPERIMPUTE,2026-06-10T13:57:53,ok,data_science,MCAR,9,0.01,1,0.2222,0.2222,0.2222,54,0,,389.1379,0.8937,C:\Users\daisl\Documents\Tullio\PARALLEL\MISSDC_EXPERIMENTS\data\data_science\MCAR\0.01\1\clean.csv,C:\Users\daisl\Documents\Tullio\PARALLEL\MISSDC_EXPERIMENTS\data\data_science\MCAR\0.01\1\dirty.csv,C:\Users\daisl\Documents\Tullio\PARALLEL\MISSDC_EXPERIMENTS\data\data_science\MCAR\0.01\1\dirty_imputed.csv,,
HYPERIMPUTE,2026-06-10T14:04:23,ok,data_science,MCAR,9,0.01,2,0.2222,0.2222,0.2222,54,0,,358.7356,0.7984,C:\Users\daisl\Documents\Tullio\PARALLEL\MISSDC_EXPERIMENTS\data\data_science\MCAR\0.01\2\clean.csv,C:\Users\daisl\Documents\Tullio\PARALLEL\MISSDC_EXPERIMENTS\data\data_science\MCAR\0.01\2\dirty.csv,C:\Users\daisl\Documents\Tullio\PARALLEL\MISSDC_EXPERIMENTS\data\data_science\MCAR\0.01\2\dirty_imputed.csv,,
HYPERIMPUTE,2026-06-10T14:10:22,ok,data_science,MCAR,9,0.01,3,0.2407,0.2407,0.2407,54,0,,297.0636,0.7931,C:\Users\daisl\Documents\Tullio\PARALLEL\MISSDC_EXPERIMENTS\data\data_science\MCAR\0.01\3\clean.csv,C:\Users\daisl\Documents\Tullio\PARALLEL\MISSDC_EXPERIMENTS\data\data_science\MCAR\0.01\3\dirty.csv,C:\Users\daisl\Documents\Tullio\PARALLEL\MISSDC_EXPERIMENTS\data\data_science\MCAR\0.01\3\dirty_imputed.csv,,
HYPERIMPUTE,2026-06-10T14:15:20,ok,data_science,MCAR,9,0.01,4,0.1852,0.1852,0.1852,54,0,,285.1666,0.9376,C:\Users\daisl\Documents\Tullio\PARALLEL\MISSDC_EXPERIMENTS\data\data_science\MCAR\0.01\4\clean.csv,C:\Users\daisl\Documents\Tullio\PARALLEL\MISSDC_EXPERIMENTS\data\data_science\MCAR\0.01\4\dirty.csv,C:\Users\daisl\Documents\Tullio\PARALLEL\MISSDC_EXPERIMENTS\data\data_science\MCAR\0.01\4\dirty_imputed.csv,,
HYPERIMPUTE,2026-06-10T14:20:06,ok,data_science,MCAR,9,0.01,5,0.2593,0.2593,0.2593,54,0,,338.1961,0.9919,C:\Users\daisl\Documents\Tullio\PARALLEL\MISSDC_EXPERIMENTS\data\data_science\MCAR\0.01\5\clean.csv,C:\Users\daisl\Documents\Tullio\PARALLEL\MISSDC_EXPERIMENTS\data\data_science\MCAR\0.01\5\dirty.csv,C:\Users\daisl\Documents\Tullio\PARALLEL\MISSDC_EXPERIMENTS\data\data_science\MCAR\0.01\5\dirty_imputed.csv,,
HYPERIMPUTE,2026-06-10T14:25:45,ok,data_science,MCAR,9,0.05,1,0.2704,0.2704,0.2704,270,0,,253.8022,0.9056,C:\Users\daisl\Documents\Tullio\PARALLEL\MISSDC_EXPERIMENTS\data\data_science\MCAR\0.05\1\clean.csv,C:\Users\daisl\Documents\Tullio\PARALLEL\MISSDC_EXPERIMENTS\data\data_science\MCAR\0.05\1\dirty.csv,C:\Users\daisl\Documents\Tullio\PARALLEL\MISSDC_EXPERIMENTS\data\data_science\MCAR\0.05\1\dirty_imputed.csv,,
HYPERIMPUTE,2026-06-10T14:30:00,ok,data_science,MCAR,9,0.05,2,0.2259,0.2259,0.2259,270,0,,332.7014,0.8788,C:\Users\daisl\Documents\Tullio\PARALLEL\MISSDC_EXPERIMENTS\data\data_science\MCAR\0.05\2\clean.csv,C:\Users\daisl\Documents\Tullio\PARALLEL\MISSDC_EXPERIMENTS\data\data_science\MCAR\0.05\2\dirty.csv,C:\Users\daisl\Documents\Tullio\PARALLEL\MISSDC_EXPERIMENTS\data\data_science\MCAR\0.05\2\dirty_imputed.csv,,
HYPERIMPUTE,2026-06-10T14:35:34,ok,data_science,MCAR,9,0.05,3,0.2111,0.2111,0.2111,270,0,,439.4308,0.8992,C:\Users\daisl\Documents\Tullio\PARALLEL\MISSDC_EXPERIMENTS\data\data_science\MCAR\0.05\3\clean.csv,C:\Users\daisl\Documents\Tullio\PARALLEL\MISSDC_EXPERIMENTS\data\data_science\MCAR\0.05\3\dirty.csv,C:\Users\daisl\Documents\Tullio\PARALLEL\MISSDC_EXPERIMENTS\data\data_science\MCAR\0.05\3\dirty_imputed.csv,,
HYPERIMPUTE,2026-06-10T14:42:54,ok,data_science,MCAR,9,0.05,4,0.2556,0.2556,0.2556,270,0,,416.6443,1.044,C:\Users\daisl\Documents\Tullio\PARALLEL\MISSDC_EXPERIMENTS\data\data_science\MCAR\0.05\4\clean.csv,C:\Users\daisl\Documents\Tullio\PARALLEL\MISSDC_EXPERIMENTS\data\data_science\MCAR\0.05\4\dirty.csv,C:\Users\daisl\Documents\Tullio\PARALLEL\MISSDC_EXPERIMENTS\data\data_science\MCAR\0.05\4\dirty_imputed.csv,,
HYPERIMPUTE,2026-06-10T14:49:52,ok,data_science,MCAR,9,0.05,5,0.2704,0.2704,0.2704,270,0,,334.962,0.8946,C:\Users\daisl\Documents\Tullio\PARALLEL\MISSDC_EXPERIMENTS\data\data_science\MCAR\0.05\5\clean.csv,C:\Users\daisl\Documents\Tullio\PARALLEL\MISSDC_EXPERIMENTS\data\data_science\MCAR\0.05\5\dirty.csv,C:\Users\daisl\Documents\Tullio\PARALLEL\MISSDC_EXPERIMENTS\data\data_science\MCAR\0.05\5\dirty_imputed.csv,,
HYPERIMPUTE,2026-06-10T14:55:28,ok,data_science,MCAR,9,0.1,1,0.2537,0.2537,0.2537,540,0,,413.5041,0.9609,C:\Users\daisl\Documents\Tullio\PARALLEL\MISSDC_EXPERIMENTS\data\data_science\MCAR\0.1\1\clean.csv,C:\Users\daisl\Documents\Tullio\PARALLEL\MISSDC_EXPERIMENTS\data\data_science\MCAR\0.1\1\dirty.csv,C:\Users\daisl\Documents\Tullio\PARALLEL\MISSDC_EXPERIMENTS\data\data_science\MCAR\0.1\1\dirty_imputed.csv,,
HYPERIMPUTE,2026-06-10T15:02:22,ok,data_science,MCAR,9,0.1,2,0.2519,0.2519,0.2519,540,0,,309.0271,0.9029,C:\Users\daisl\Documents\Tullio\PARALLEL\MISSDC_EXPERIMENTS\data\data_science\MCAR\0.1\2\clean.csv,C:\Users\daisl\Documents\Tullio\PARALLEL\MISSDC_EXPERIMENTS\data\data_science\MCAR\0.1\2\dirty.csv,C:\Users\daisl\Documents\Tullio\PARALLEL\MISSDC_EXPERIMENTS\data\data_science\MCAR\0.1\2\dirty_imputed.csv,,
HYPERIMPUTE,2026-06-10T15:07:32,ok,data_science,MCAR,9,0.1,3,0.2444,0.2444,0.2444,540,0,,433.671,0.9438,C:\Users\daisl\Documents\Tullio\PARALLEL\MISSDC_EXPERIMENTS\data\data_science\MCAR\0.1\3\clean.csv,C:\Users\daisl\Documents\Tullio\PARALLEL\MISSDC_EXPERIMENTS\data\data_science\MCAR\0.1\3\dirty.csv,C:\Users\daisl\Documents\Tullio\PARALLEL\MISSDC_EXPERIMENTS\data\data_science\MCAR\0.1\3\dirty_imputed.csv,,
HYPERIMPUTE,2026-06-10T15:14:47,ok,data_science,MCAR,9,0.1,4,0.2352,0.2352,0.2352,540,0,,384.8639,0.8972,C:\Users\daisl\Documents\Tullio\PARALLEL\MISSDC_EXPERIMENTS\data\data_science\MCAR\0.1\4\clean.csv,C:\Users\daisl\Documents\Tullio\PARALLEL\MISSDC_EXPERIMENTS\data\data_science\MCAR\0.1\4\dirty.csv,C:\Users\daisl\Documents\Tullio\PARALLEL\MISSDC_EXPERIMENTS\data\data_science\MCAR\0.1\4\dirty_imputed.csv,,
HYPERIMPUTE,2026-06-10T15:21:12,ok,data_science,MCAR,9,0.1,5,0.2556,0.2556,0.2556,540,0,,211.2421,0.8841,C:\Users\daisl\Documents\Tullio\PARALLEL\MISSDC_EXPERIMENTS\data\data_science\MCAR\0.1\5\clean.csv,C:\Users\daisl\Documents\Tullio\PARALLEL\MISSDC_EXPERIMENTS\data\data_science\MCAR\0.1\5\dirty.csv,C:\Users\daisl\Documents\Tullio\PARALLEL\MISSDC_EXPERIMENTS\data\data_science\MCAR\0.1\5\dirty_imputed.csv,,
HYPERIMPUTE,2026-06-10T15:24:45,ok,data_science,MCAR,9,0.15,1,0.2552,0.2552,0.2552,819,0,,435.7882,0.9581,C:\Users\daisl\Documents\Tullio\PARALLEL\MISSDC_EXPERIMENTS\data\data_science\MCAR\0.15\1\clean.csv,C:\Users\daisl\Documents\Tullio\PARALLEL\MISSDC_EXPERIMENTS\data\data_science\MCAR\0.15\1\dirty.csv,C:\Users\daisl\Documents\Tullio\PARALLEL\MISSDC_EXPERIMENTS\data\data_science\MCAR\0.15\1\dirty_imputed.csv,,
HYPERIMPUTE,2026-06-10T15:32:01,ok,data_science,MCAR,9,0.15,2,0.2357,0.2357,0.2357,819,0,,429.2237,0.9293,C:\Users\daisl\Documents\Tullio\PARALLEL\MISSDC_EXPERIMENTS\data\data_science\MCAR\0.15\2\clean.csv,C:\Users\daisl\Documents\Tullio\PARALLEL\MISSDC_EXPERIMENTS\data\data_science\MCAR\0.15\2\dirty.csv,C:\Users\daisl\Documents\Tullio\PARALLEL\MISSDC_EXPERIMENTS\data\data_science\MCAR\0.15\2\dirty_imputed.csv,,
HYPERIMPUTE,2026-06-10T15:39:12,ok,data_science,MCAR,9,0.15,3,0.2576,0.2576,0.2576,819,0,,330.295,0.8066,C:\Users\daisl\Documents\Tullio\PARALLEL\MISSDC_EXPERIMENTS\data\data_science\MCAR\0.15\3\clean.csv,C:\Users\daisl\Documents\Tullio\PARALLEL\MISSDC_EXPERIMENTS\data\data_science\MCAR\0.15\3\dirty.csv,C:\Users\daisl\Documents\Tullio\PARALLEL\MISSDC_EXPERIMENTS\data\data_science\MCAR\0.15\3\dirty_imputed.csv,,
HYPERIMPUTE,2026-06-10T15:44:43,ok,data_science,MCAR,9,0.15,4,0.2393,0.2393,0.2393,819,0,,283.5718,0.8425,C:\Users\daisl\Documents\Tullio\PARALLEL\MISSDC_EXPERIMENTS\data\data_science\MCAR\0.15\4\clean.csv,C:\Users\daisl\Documents\Tullio\PARALLEL\MISSDC_EXPERIMENTS\data\data_science\MCAR\0.15\4\dirty.csv,C:\Users\daisl\Documents\Tullio\PARALLEL\MISSDC_EXPERIMENTS\data\data_science\MCAR\0.15\4\dirty_imputed.csv,,
HYPERIMPUTE,2026-06-10T15:49:27,ok,data_science,MCAR,9,0.15,5,0.232,0.232,0.232,819,0,,260.6498,0.9362,C:\Users\daisl\Documents\Tullio\PARALLEL\MISSDC_EXPERIMENTS\data\data_science\MCAR\0.15\5\clean.csv,C:\Users\daisl\Documents\Tullio\PARALLEL\MISSDC_EXPERIMENTS\data\data_science\MCAR\0.15\5\dirty.csv,C:\Users\daisl\Documents\Tullio\PARALLEL\MISSDC_EXPERIMENTS\data\data_science\MCAR\0.15\5\dirty_imputed.csv,,
HYPERIMPUTE,2026-06-10T15:53:49,ok,data_science,MCAR,9,0.2,1,0.2443,0.2443,0.2443,1089,0,,127.7778,0.8973,C:\Users\daisl\Documents\Tullio\PARALLEL\MISSDC_EXPERIMENTS\data\data_science\MCAR\0.2\1\clean.csv,C:\Users\daisl\Documents\Tullio\PARALLEL\MISSDC_EXPERIMENTS\data\data_science\MCAR\0.2\1\dirty.csv,C:\Users\daisl\Documents\Tullio\PARALLEL\MISSDC_EXPERIMENTS\data\data_science\MCAR\0.2\1\dirty_imputed.csv,,
HYPERIMPUTE,2026-06-10T15:55:57,ok,data_science,MCAR,9,0.2,2,0.2452,0.2452,0.2452,1089,0,,127.1203,0.9048,C:\Users\daisl\Documents\Tullio\PARALLEL\MISSDC_EXPERIMENTS\data\data_science\MCAR\0.2\2\clean.csv,C:\Users\daisl\Documents\Tullio\PARALLEL\MISSDC_EXPERIMENTS\data\data_science\MCAR\0.2\2\dirty.csv,C:\Users\daisl\Documents\Tullio\PARALLEL\MISSDC_EXPERIMENTS\data\data_science\MCAR\0.2\2\dirty_imputed.csv,,
HYPERIMPUTE,2026-06-10T15:58:05,ok,data_science,MCAR,9,0.2,3,0.2433,0.2433,0.2433,1089,0,,125.2589,0.9037,C:\Users\daisl\Documents\Tullio\PARALLEL\MISSDC_EXPERIMENTS\data\data_science\MCAR\0.2\3\clean.csv,C:\Users\daisl\Documents\Tullio\PARALLEL\MISSDC_EXPERIMENTS\data\data_science\MCAR\0.2\3\dirty.csv,C:\Users\daisl\Documents\Tullio\PARALLEL\MISSDC_EXPERIMENTS\data\data_science\MCAR\0.2\3\dirty_imputed.csv,,
HYPERIMPUTE,2026-06-10T16:00:12,ok,data_science,MCAR,9,0.2,4,0.2433,0.2433,0.2433,1089,0,,119.4705,0.9089,C:\Users\daisl\Documents\Tullio\PARALLEL\MISSDC_EXPERIMENTS\data\data_science\MCAR\0.2\4\clean.csv,C:\Users\daisl\Documents\Tullio\PARALLEL\MISSDC_EXPERIMENTS\data\data_science\MCAR\0.2\4\dirty.csv,C:\Users\daisl\Documents\Tullio\PARALLEL\MISSDC_EXPERIMENTS\data\data_science\MCAR\0.2\4\dirty_imputed.csv,,
HYPERIMPUTE,2026-06-10T16:02:12,ok,data_science,MCAR,9,0.2,5,0.2406,0.2406,0.2406,1089,0,,122.9674,0.932,C:\Users\daisl\Documents\Tullio\PARALLEL\MISSDC_EXPERIMENTS\data\data_science\MCAR\0.2\5\clean.csv,C:\Users\daisl\Documents\Tullio\PARALLEL\MISSDC_EXPERIMENTS\data\data_science\MCAR\0.2\5\dirty.csv,C:\Users\daisl\Documents\Tullio\PARALLEL\MISSDC_EXPERIMENTS\data\data_science\MCAR\0.2\5\dirty_imputed.csv,,
HYPERIMPUTE,2026-06-10T16:04:16,ok,data_science,MCAR,9,0.25,1,0.2355,0.2355,0.2355,1359,0,,129.2227,0.9268,C:\Users\daisl\Documents\Tullio\PARALLEL\MISSDC_EXPERIMENTS\data\data_science\MCAR\0.25\1\clean.csv,C:\Users\daisl\Documents\Tullio\PARALLEL\MISSDC_EXPERIMENTS\data\data_science\MCAR\0.25\1\dirty.csv,C:\Users\daisl\Documents\Tullio\PARALLEL\MISSDC_EXPERIMENTS\data\data_science\MCAR\0.25\1\dirty_imputed.csv,,
HYPERIMPUTE,2026-06-10T16:06:26,ok,data_science,MCAR,9,0.25,2,0.2421,0.2421,0.2421,1359,0,,124.1626,1.0199,C:\Users\daisl\Documents\Tullio\PARALLEL\MISSDC_EXPERIMENTS\data\data_science\MCAR\0.25\2\clean.csv,C:\Users\daisl\Documents\Tullio\PARALLEL\MISSDC_EXPERIMENTS\data\data_science\MCAR\0.25\2\dirty.csv,C:\Users\daisl\Documents\Tullio\PARALLEL\MISSDC_EXPERIMENTS\data\data_science\MCAR\0.25\2\dirty_imputed.csv,,
HYPERIMPUTE,2026-06-10T16:08:31,ok,data_science,MCAR,9,0.25,3,0.2465,0.2465,0.2465,1359,0,,129.5092,0.9383,C:\Users\daisl\Documents\Tullio\PARALLEL\MISSDC_EXPERIMENTS\data\data_science\MCAR\0.25\3\clean.csv,C:\Users\daisl\Documents\Tullio\PARALLEL\MISSDC_EXPERIMENTS\data\data_science\MCAR\0.25\3\dirty.csv,C:\Users\daisl\Documents\Tullio\PARALLEL\MISSDC_EXPERIMENTS\data\data_science\MCAR\0.25\3\dirty_imputed.csv,,
HYPERIMPUTE,2026-06-10T16:10:42,ok,data_science,MCAR,9,0.25,4,0.2494,0.2494,0.2494,1359,0,,123.777,0.9177,C:\Users\daisl\Documents\Tullio\PARALLEL\MISSDC_EXPERIMENTS\data\data_science\MCAR\0.25\4\clean.csv,C:\Users\daisl\Documents\Tullio\PARALLEL\MISSDC_EXPERIMENTS\data\data_science\MCAR\0.25\4\dirty.csv,C:\Users\daisl\Documents\Tullio\PARALLEL\MISSDC_EXPERIMENTS\data\data_science\MCAR\0.25\4\dirty_imputed.csv,,
HYPERIMPUTE,2026-06-10T16:12:46,ok,data_science,MCAR,9,0.25,5,0.2369,0.2369,0.2369,1359,0,,131.5125,1.0698,C:\Users\daisl\Documents\Tullio\PARALLEL\MISSDC_EXPERIMENTS\data\data_science\MCAR\0.25\5\clean.csv,C:\Users\daisl\Documents\Tullio\PARALLEL\MISSDC_EXPERIMENTS\data\data_science\MCAR\0.25\5\dirty.csv,C:\Users\daisl\Documents\Tullio\PARALLEL\MISSDC_EXPERIMENTS\data\data_science\MCAR\0.25\5\dirty_imputed.csv,,
HYPERIMPUTE,2026-06-10T16:14:59,ok,data_science,MCAR,9,0.3,1,0.2479,0.2479,0.2479,1638,0,,126.0224,0.9539,C:\Users\daisl\Documents\Tullio\PARALLEL\MISSDC_EXPERIMENTS\data\data_science\MCAR\0.3\1\clean.csv,C:\Users\daisl\Documents\Tullio\PARALLEL\MISSDC_EXPERIMENTS\data\data_science\MCAR\0.3\1\dirty.csv,C:\Users\daisl\Documents\Tullio\PARALLEL\MISSDC_EXPERIMENTS\data\data_science\MCAR\0.3\1\dirty_imputed.csv,,
HYPERIMPUTE,2026-06-10T16:17:06,ok,data_science,MCAR,9,0.3,2,0.2436,0.2436,0.2436,1638,0,,130.6539,0.9847,C:\Users\daisl\Documents\Tullio\PARALLEL\MISSDC_EXPERIMENTS\data\data_science\MCAR\0.3\2\clean.csv,C:\Users\daisl\Documents\Tullio\PARALLEL\MISSDC_EXPERIMENTS\data\data_science\MCAR\0.3\2\dirty.csv,C:\Users\daisl\Documents\Tullio\PARALLEL\MISSDC_EXPERIMENTS\data\data_science\MCAR\0.3\2\dirty_imputed.csv,,
HYPERIMPUTE,2026-06-10T16:19:18,ok,data_science,MCAR,9,0.3,3,0.2405,0.2405,0.2405,1638,0,,127.6658,1.0002,C:\Users\daisl\Documents\Tullio\PARALLEL\MISSDC_EXPERIMENTS\data\data_science\MCAR\0.3\3\clean.csv,C:\Users\daisl\Documents\Tullio\PARALLEL\MISSDC_EXPERIMENTS\data\data_science\MCAR\0.3\3\dirty.csv,C:\Users\daisl\Documents\Tullio\PARALLEL\MISSDC_EXPERIMENTS\data\data_science\MCAR\0.3\3\dirty_imputed.csv,,
HYPERIMPUTE,2026-06-10T16:21:26,ok,data_science,MCAR,9,0.3,4,0.2436,0.2436,0.2436,1638,0,,123.794,1.0095,C:\Users\daisl\Documents\Tullio\PARALLEL\MISSDC_EXPERIMENTS\data\data_science\MCAR\0.3\4\clean.csv,C:\Users\daisl\Documents\Tullio\PARALLEL\MISSDC_EXPERIMENTS\data\data_science\MCAR\0.3\4\dirty.csv,C:\Users\daisl\Documents\Tullio\PARALLEL\MISSDC_EXPERIMENTS\data\data_science\MCAR\0.3\4\dirty_imputed.csv,,
HYPERIMPUTE,2026-06-10T16:23:31,ok,data_science,MCAR,9,0.3,5,0.2411,0.2411,0.2411,1638,0,,129.7976,0.9591,C:\Users\daisl\Documents\Tullio\PARALLEL\MISSDC_EXPERIMENTS\data\data_science\MCAR\0.3\5\clean.csv,C:\Users\daisl\Documents\Tullio\PARALLEL\MISSDC_EXPERIMENTS\data\data_science\MCAR\0.3\5\dirty.csv,C:\Users\daisl\Documents\Tullio\PARALLEL\MISSDC_EXPERIMENTS\data\data_science\MCAR\0.3\5\dirty_imputed.csv,,
HYPERIMPUTE,2026-06-10T16:25:42,ok,data_science,MNAR,9,0.01,1,0.2222,0.2222,0.2222,54,0,,379.2851,0.9443,C:\Users\daisl\Documents\Tullio\PARALLEL\MISSDC_EXPERIMENTS\data\data_science\MNAR\0.01\1\clean.csv,C:\Users\daisl\Documents\Tullio\PARALLEL\MISSDC_EXPERIMENTS\data\data_science\MNAR\0.01\1\dirty.csv,C:\Users\daisl\Documents\Tullio\PARALLEL\MISSDC_EXPERIMENTS\data\data_science\MNAR\0.01\1\dirty_imputed.csv,,
HYPERIMPUTE,2026-06-10T16:32:02,ok,data_science,MNAR,9,0.01,2,0.2222,0.2222,0.2222,54,0,,263.6982,0.755,C:\Users\daisl\Documents\Tullio\PARALLEL\MISSDC_EXPERIMENTS\data\data_science\MNAR\0.01\2\clean.csv,C:\Users\daisl\Documents\Tullio\PARALLEL\MISSDC_EXPERIMENTS\data\data_science\MNAR\0.01\2\dirty.csv,C:\Users\daisl\Documents\Tullio\PARALLEL\MISSDC_EXPERIMENTS\data\data_science\MNAR\0.01\2\dirty_imputed.csv,,
HYPERIMPUTE,2026-06-10T16:36:27,ok,data_science,MNAR,9,0.01,3,0.2222,0.2222,0.2222,54,0,,298.5337,0.7783,C:\Users\daisl\Documents\Tullio\PARALLEL\MISSDC_EXPERIMENTS\data\data_science\MNAR\0.01\3\clean.csv,C:\Users\daisl\Documents\Tullio\PARALLEL\MISSDC_EXPERIMENTS\data\data_science\MNAR\0.01\3\dirty.csv,C:\Users\daisl\Documents\Tullio\PARALLEL\MISSDC_EXPERIMENTS\data\data_science\MNAR\0.01\3\dirty_imputed.csv,,
HYPERIMPUTE,2026-06-10T16:41:26,ok,data_science,MNAR,9,0.01,4,0.3333,0.3333,0.3333,54,0,,335.626,0.8814,C:\Users\daisl\Documents\Tullio\PARALLEL\MISSDC_EXPERIMENTS\data\data_science\MNAR\0.01\4\clean.csv,C:\Users\daisl\Documents\Tullio\PARALLEL\MISSDC_EXPERIMENTS\data\data_science\MNAR\0.01\4\dirty.csv,C:\Users\daisl\Documents\Tullio\PARALLEL\MISSDC_EXPERIMENTS\data\data_science\MNAR\0.01\4\dirty_imputed.csv,,
HYPERIMPUTE,2026-06-10T16:47:02,ok,data_science,MNAR,9,0.01,5,0.2222,0.2222,0.2222,54,0,,360.2311,0.8999,C:\Users\daisl\Documents\Tullio\PARALLEL\MISSDC_EXPERIMENTS\data\data_science\MNAR\0.01\5\clean.csv,C:\Users\daisl\Documents\Tullio\PARALLEL\MISSDC_EXPERIMENTS\data\data_science\MNAR\0.01\5\dirty.csv,C:\Users\daisl\Documents\Tullio\PARALLEL\MISSDC_EXPERIMENTS\data\data_science\MNAR\0.01\5\dirty_imputed.csv,,
HYPERIMPUTE,2026-06-10T16:53:04,ok,data_science,MNAR,9,0.05,1,0.2222,0.2222,0.2222,270,0,,314.8554,0.8736,C:\Users\daisl\Documents\Tullio\PARALLEL\MISSDC_EXPERIMENTS\data\data_science\MNAR\0.05\1\clean.csv,C:\Users\daisl\Documents\Tullio\PARALLEL\MISSDC_EXPERIMENTS\data\data_science\MNAR\0.05\1\dirty.csv,C:\Users\daisl\Documents\Tullio\PARALLEL\MISSDC_EXPERIMENTS\data\data_science\MNAR\0.05\1\dirty_imputed.csv,,
HYPERIMPUTE,2026-06-10T16:58:19,ok,data_science,MNAR,9,0.05,2,0.3074,0.3074,0.3074,270,0,,359.6387,0.9273,C:\Users\daisl\Documents\Tullio\PARALLEL\MISSDC_EXPERIMENTS\data\data_science\MNAR\0.05\2\clean.csv,C:\Users\daisl\Documents\Tullio\PARALLEL\MISSDC_EXPERIMENTS\data\data_science\MNAR\0.05\2\dirty.csv,C:\Users\daisl\Documents\Tullio\PARALLEL\MISSDC_EXPERIMENTS\data\data_science\MNAR\0.05\2\dirty_imputed.csv,,
HYPERIMPUTE,2026-06-10T17:04:20,ok,data_science,MNAR,9,0.05,3,0.2963,0.2963,0.2963,270,0,,371.3463,0.9252,C:\Users\daisl\Documents\Tullio\PARALLEL\MISSDC_EXPERIMENTS\data\data_science\MNAR\0.05\3\clean.csv,C:\Users\daisl\Documents\Tullio\PARALLEL\MISSDC_EXPERIMENTS\data\data_science\MNAR\0.05\3\dirty.csv,C:\Users\daisl\Documents\Tullio\PARALLEL\MISSDC_EXPERIMENTS\data\data_science\MNAR\0.05\3\dirty_imputed.csv,,
HYPERIMPUTE,2026-06-10T17:10:32,ok,data_science,MNAR,9,0.05,4,0.2444,0.2444,0.2444,270,0,,363.6163,0.732,C:\Users\daisl\Documents\Tullio\PARALLEL\MISSDC_EXPERIMENTS\data\data_science\MNAR\0.05\4\clean.csv,C:\Users\daisl\Documents\Tullio\PARALLEL\MISSDC_EXPERIMENTS\data\data_science\MNAR\0.05\4\dirty.csv,C:\Users\daisl\Documents\Tullio\PARALLEL\MISSDC_EXPERIMENTS\data\data_science\MNAR\0.05\4\dirty_imputed.csv,,
HYPERIMPUTE,2026-06-10T17:16:37,ok,data_science,MNAR,9,0.05,5,0.2333,0.2333,0.2333,270,0,,405.9238,0.9007,C:\Users\daisl\Documents\Tullio\PARALLEL\MISSDC_EXPERIMENTS\data\data_science\MNAR\0.05\5\clean.csv,C:\Users\daisl\Documents\Tullio\PARALLEL\MISSDC_EXPERIMENTS\data\data_science\MNAR\0.05\5\dirty.csv,C:\Users\daisl\Documents\Tullio\PARALLEL\MISSDC_EXPERIMENTS\data\data_science\MNAR\0.05\5\dirty_imputed.csv,,
HYPERIMPUTE,2026-06-10T17:23:23,ok,data_science,MNAR,9,0.1,1,0.2222,0.2222,0.2222,540,0,,407.5886,1.1112,C:\Users\daisl\Documents\Tullio\PARALLEL\MISSDC_EXPERIMENTS\data\data_science\MNAR\0.1\1\clean.csv,C:\Users\daisl\Documents\Tullio\PARALLEL\MISSDC_EXPERIMENTS\data\data_science\MNAR\0.1\1\dirty.csv,C:\Users\daisl\Documents\Tullio\PARALLEL\MISSDC_EXPERIMENTS\data\data_science\MNAR\0.1\1\dirty_imputed.csv,,
HYPERIMPUTE,2026-06-10T17:30:12,ok,data_science,MNAR,9,0.1,2,0.1519,0.1519,0.1519,540,0,,463.1736,0.988,C:\Users\daisl\Documents\Tullio\PARALLEL\MISSDC_EXPERIMENTS\data\data_science\MNAR\0.1\2\clean.csv,C:\Users\daisl\Documents\Tullio\PARALLEL\MISSDC_EXPERIMENTS\data\data_science\MNAR\0.1\2\dirty.csv,C:\Users\daisl\Documents\Tullio\PARALLEL\MISSDC_EXPERIMENTS\data\data_science\MNAR\0.1\2\dirty_imputed.csv,,
HYPERIMPUTE,2026-06-10T17:37:56,ok,data_science,MNAR,9,0.1,3,0.2815,0.2815,0.2815,540,0,,447.0726,0.9607,C:\Users\daisl\Documents\Tullio\PARALLEL\MISSDC_EXPERIMENTS\data\data_science\MNAR\0.1\3\clean.csv,C:\Users\daisl\Documents\Tullio\PARALLEL\MISSDC_EXPERIMENTS\data\data_science\MNAR\0.1\3\dirty.csv,C:\Users\daisl\Documents\Tullio\PARALLEL\MISSDC_EXPERIMENTS\data\data_science\MNAR\0.1\3\dirty_imputed.csv,,
HYPERIMPUTE,2026-06-10T17:45:24,ok,data_science,MNAR,9,0.1,4,0.1926,0.1926,0.1926,540,0,,429.4084,0.974,C:\Users\daisl\Documents\Tullio\PARALLEL\MISSDC_EXPERIMENTS\data\data_science\MNAR\0.1\4\clean.csv,C:\Users\daisl\Documents\Tullio\PARALLEL\MISSDC_EXPERIMENTS\data\data_science\MNAR\0.1\4\dirty.csv,C:\Users\daisl\Documents\Tullio\PARALLEL\MISSDC_EXPERIMENTS\data\data_science\MNAR\0.1\4\dirty_imputed.csv,,
HYPERIMPUTE,2026-06-10T17:52:35,ok,data_science,MNAR,9,0.1,5,0.2222,0.2222,0.2222,540,0,,443.4478,0.8268,C:\Users\daisl\Documents\Tullio\PARALLEL\MISSDC_EXPERIMENTS\data\data_science\MNAR\0.1\5\clean.csv,C:\Users\daisl\Documents\Tullio\PARALLEL\MISSDC_EXPERIMENTS\data\data_science\MNAR\0.1\5\dirty.csv,C:\Users\daisl\Documents\Tullio\PARALLEL\MISSDC_EXPERIMENTS\data\data_science\MNAR\0.1\5\dirty_imputed.csv,,
HYPERIMPUTE,2026-06-10T17:59:59,ok,data_science,MNAR,9,0.15,1,0.1111,0.1111,0.1111,819,0,,326.9817,0.9027,C:\Users\daisl\Documents\Tullio\PARALLEL\MISSDC_EXPERIMENTS\data\data_science\MNAR\0.15\1\clean.csv,C:\Users\daisl\Documents\Tullio\PARALLEL\MISSDC_EXPERIMENTS\data\data_science\MNAR\0.15\1\dirty.csv,C:\Users\daisl\Documents\Tullio\PARALLEL\MISSDC_EXPERIMENTS\data\data_science\MNAR\0.15\1\dirty_imputed.csv,,
HYPERIMPUTE,2026-06-10T18:05:27,ok,data_science,MNAR,9,0.15,2,0.5458,0.5458,0.5458,819,0,,412.8574,0.9316,C:\Users\daisl\Documents\Tullio\PARALLEL\MISSDC_EXPERIMENTS\data\data_science\MNAR\0.15\2\clean.csv,C:\Users\daisl\Documents\Tullio\PARALLEL\MISSDC_EXPERIMENTS\data\data_science\MNAR\0.15\2\dirty.csv,C:\Users\daisl\Documents\Tullio\PARALLEL\MISSDC_EXPERIMENTS\data\data_science\MNAR\0.15\2\dirty_imputed.csv,,
HYPERIMPUTE,2026-06-10T18:12:21,ok,data_science,MNAR,9,0.15,3,0.1306,0.1306,0.1306,819,0,,468.6092,0.9132,C:\Users\daisl\Documents\Tullio\PARALLEL\MISSDC_EXPERIMENTS\data\data_science\MNAR\0.15\3\clean.csv,C:\Users\daisl\Documents\Tullio\PARALLEL\MISSDC_EXPERIMENTS\data\data_science\MNAR\0.15\3\dirty.csv,C:\Users\daisl\Documents\Tullio\PARALLEL\MISSDC_EXPERIMENTS\data\data_science\MNAR\0.15\3\dirty_imputed.csv,,
HYPERIMPUTE,2026-06-10T18:20:10,ok,data_science,MNAR,9,0.15,4,0.2222,0.2222,0.2222,819,0,,478.4421,0.9631,C:\Users\daisl\Documents\Tullio\PARALLEL\MISSDC_EXPERIMENTS\data\data_science\MNAR\0.15\4\clean.csv,C:\Users\daisl\Documents\Tullio\PARALLEL\MISSDC_EXPERIMENTS\data\data_science\MNAR\0.15\4\dirty.csv,C:\Users\daisl\Documents\Tullio\PARALLEL\MISSDC_EXPERIMENTS\data\data_science\MNAR\0.15\4\dirty_imputed.csv,,
HYPERIMPUTE,2026-06-10T18:28:10,ok,data_science,MNAR,9,0.15,5,0.3333,0.3333,0.3333,819,0,,460.1503,0.9686,C:\Users\daisl\Documents\Tullio\PARALLEL\MISSDC_EXPERIMENTS\data\data_science\MNAR\0.15\5\clean.csv,C:\Users\daisl\Documents\Tullio\PARALLEL\MISSDC_EXPERIMENTS\data\data_science\MNAR\0.15\5\dirty.csv,C:\Users\daisl\Documents\Tullio\PARALLEL\MISSDC_EXPERIMENTS\data\data_science\MNAR\0.15\5\dirty_imputed.csv,,
HYPERIMPUTE,2026-06-10T18:35:51,ok,data_science,MNAR,9,0.2,1,0.3085,0.3085,0.3085,1089,0,,130.84,0.9344,C:\Users\daisl\Documents\Tullio\PARALLEL\MISSDC_EXPERIMENTS\data\data_science\MNAR\0.2\1\clean.csv,C:\Users\daisl\Documents\Tullio\PARALLEL\MISSDC_EXPERIMENTS\data\data_science\MNAR\0.2\1\dirty.csv,C:\Users\daisl\Documents\Tullio\PARALLEL\MISSDC_EXPERIMENTS\data\data_science\MNAR\0.2\1\dirty_imputed.csv,,
HYPERIMPUTE,2026-06-10T18:38:03,ok,data_science,MNAR,9,0.2,2,0.1506,0.1506,0.1506,1089,0,,125.1373,0.769,C:\Users\daisl\Documents\Tullio\PARALLEL\MISSDC_EXPERIMENTS\data\data_science\MNAR\0.2\2\clean.csv,C:\Users\daisl\Documents\Tullio\PARALLEL\MISSDC_EXPERIMENTS\data\data_science\MNAR\0.2\2\dirty.csv,C:\Users\daisl\Documents\Tullio\PARALLEL\MISSDC_EXPERIMENTS\data\data_science\MNAR\0.2\2\dirty_imputed.csv,,
HYPERIMPUTE,2026-06-10T18:40:09,ok,data_science,MNAR,9,0.2,3,0.2222,0.2222,0.2222,1089,0,,119.6162,0.7876,C:\Users\daisl\Documents\Tullio\PARALLEL\MISSDC_EXPERIMENTS\data\data_science\MNAR\0.2\3\clean.csv,C:\Users\daisl\Documents\Tullio\PARALLEL\MISSDC_EXPERIMENTS\data\data_science\MNAR\0.2\3\dirty.csv,C:\Users\daisl\Documents\Tullio\PARALLEL\MISSDC_EXPERIMENTS\data\data_science\MNAR\0.2\3\dirty_imputed.csv,,
HYPERIMPUTE,2026-06-10T18:42:09,ok,data_science,MNAR,9,0.2,4,0.1111,0.1111,0.1111,1089,0,,112.2006,0.8759,C:\Users\daisl\Documents\Tullio\PARALLEL\MISSDC_EXPERIMENTS\data\data_science\MNAR\0.2\4\clean.csv,C:\Users\daisl\Documents\Tullio\PARALLEL\MISSDC_EXPERIMENTS\data\data_science\MNAR\0.2\4\dirty.csv,C:\Users\daisl\Documents\Tullio\PARALLEL\MISSDC_EXPERIMENTS\data\data_science\MNAR\0.2\4\dirty_imputed.csv,,
HYPERIMPUTE,2026-06-10T18:44:02,ok,data_science,MNAR,9,0.2,5,0.157,0.157,0.157,1089,0,,119.1333,0.8539,C:\Users\daisl\Documents\Tullio\PARALLEL\MISSDC_EXPERIMENTS\data\data_science\MNAR\0.2\5\clean.csv,C:\Users\daisl\Documents\Tullio\PARALLEL\MISSDC_EXPERIMENTS\data\data_science\MNAR\0.2\5\dirty.csv,C:\Users\daisl\Documents\Tullio\PARALLEL\MISSDC_EXPERIMENTS\data\data_science\MNAR\0.2\5\dirty_imputed.csv,,
HYPERIMPUTE,2026-06-10T18:46:02,ok,data_science,MNAR,9,0.25,1,0.2112,0.2112,0.2112,1359,0,,133.3536,0.9914,C:\Users\daisl\Documents\Tullio\PARALLEL\MISSDC_EXPERIMENTS\data\data_science\MNAR\0.25\1\clean.csv,C:\Users\daisl\Documents\Tullio\PARALLEL\MISSDC_EXPERIMENTS\data\data_science\MNAR\0.25\1\dirty.csv,C:\Users\daisl\Documents\Tullio\PARALLEL\MISSDC_EXPERIMENTS\data\data_science\MNAR\0.25\1\dirty_imputed.csv,,
HYPERIMPUTE,2026-06-10T18:48:16,ok,data_science,MNAR,9,0.25,2,0.1545,0.1545,0.1545,1359,0,,130.6614,0.9718,C:\Users\daisl\Documents\Tullio\PARALLEL\MISSDC_EXPERIMENTS\data\data_science\MNAR\0.25\2\clean.csv,C:\Users\daisl\Documents\Tullio\PARALLEL\MISSDC_EXPERIMENTS\data\data_science\MNAR\0.25\2\dirty.csv,C:\Users\daisl\Documents\Tullio\PARALLEL\MISSDC_EXPERIMENTS\data\data_science\MNAR\0.25\2\dirty_imputed.csv,,
HYPERIMPUTE,2026-06-10T18:50:28,ok,data_science,MNAR,9,0.25,3,0.1935,0.1935,0.1935,1359,0,,143.6625,0.9506,C:\Users\daisl\Documents\Tullio\PARALLEL\MISSDC_EXPERIMENTS\data\data_science\MNAR\0.25\3\clean.csv,C:\Users\daisl\Documents\Tullio\PARALLEL\MISSDC_EXPERIMENTS\data\data_science\MNAR\0.25\3\dirty.csv,C:\Users\daisl\Documents\Tullio\PARALLEL\MISSDC_EXPERIMENTS\data\data_science\MNAR\0.25\3\dirty_imputed.csv,,
HYPERIMPUTE,2026-06-10T18:52:53,ok,data_science,MNAR,9,0.25,4,0.3458,0.3458,0.3458,1359,0,,130.769,0.953,C:\Users\daisl\Documents\Tullio\PARALLEL\MISSDC_EXPERIMENTS\data\data_science\MNAR\0.25\4\clean.csv,C:\Users\daisl\Documents\Tullio\PARALLEL\MISSDC_EXPERIMENTS\data\data_science\MNAR\0.25\4\dirty.csv,C:\Users\daisl\Documents\Tullio\PARALLEL\MISSDC_EXPERIMENTS\data\data_science\MNAR\0.25\4\dirty_imputed.csv,,
HYPERIMPUTE,2026-06-10T18:55:04,ok,data_science,MNAR,9,0.25,5,0.2899,0.2899,0.2899,1359,0,,129.1116,0.9305,C:\Users\daisl\Documents\Tullio\PARALLEL\MISSDC_EXPERIMENTS\data\data_science\MNAR\0.25\5\clean.csv,C:\Users\daisl\Documents\Tullio\PARALLEL\MISSDC_EXPERIMENTS\data\data_science\MNAR\0.25\5\dirty.csv,C:\Users\daisl\Documents\Tullio\PARALLEL\MISSDC_EXPERIMENTS\data\data_science\MNAR\0.25\5\dirty_imputed.csv,,
HYPERIMPUTE,2026-06-10T18:57:14,ok,data_science,MNAR,9,0.3,1,0.2875,0.2875,0.2875,1638,0,,142.8921,0.9622,C:\Users\daisl\Documents\Tullio\PARALLEL\MISSDC_EXPERIMENTS\data\data_science\MNAR\0.3\1\clean.csv,C:\Users\daisl\Documents\Tullio\PARALLEL\MISSDC_EXPERIMENTS\data\data_science\MNAR\0.3\1\dirty.csv,C:\Users\daisl\Documents\Tullio\PARALLEL\MISSDC_EXPERIMENTS\data\data_science\MNAR\0.3\1\dirty_imputed.csv,,
HYPERIMPUTE,2026-06-10T18:59:38,ok,data_science,MNAR,9,0.3,2,0.2869,0.2869,0.2869,1638,0,,144.9896,0.9586,C:\Users\daisl\Documents\Tullio\PARALLEL\MISSDC_EXPERIMENTS\data\data_science\MNAR\0.3\2\clean.csv,C:\Users\daisl\Documents\Tullio\PARALLEL\MISSDC_EXPERIMENTS\data\data_science\MNAR\0.3\2\dirty.csv,C:\Users\daisl\Documents\Tullio\PARALLEL\MISSDC_EXPERIMENTS\data\data_science\MNAR\0.3\2\dirty_imputed.csv,,
HYPERIMPUTE,2026-06-10T19:02:04,ok,data_science,MNAR,9,0.3,3,0.2479,0.2479,0.2479,1638,0,,125.8185,0.9316,C:\Users\daisl\Documents\Tullio\PARALLEL\MISSDC_EXPERIMENTS\data\data_science\MNAR\0.3\3\clean.csv,C:\Users\daisl\Documents\Tullio\PARALLEL\MISSDC_EXPERIMENTS\data\data_science\MNAR\0.3\3\dirty.csv,C:\Users\daisl\Documents\Tullio\PARALLEL\MISSDC_EXPERIMENTS\data\data_science\MNAR\0.3\3\dirty_imputed.csv,,
HYPERIMPUTE,2026-06-10T19:04:11,ok,data_science,MNAR,9,0.3,4,0.2741,0.2741,0.2741,1638,0,,128.7864,0.9655,C:\Users\daisl\Documents\Tullio\PARALLEL\MISSDC_EXPERIMENTS\data\data_science\MNAR\0.3\4\clean.csv,C:\Users\daisl\Documents\Tullio\PARALLEL\MISSDC_EXPERIMENTS\data\data_science\MNAR\0.3\4\dirty.csv,C:\Users\daisl\Documents\Tullio\PARALLEL\MISSDC_EXPERIMENTS\data\data_science\MNAR\0.3\4\dirty_imputed.csv,,
HYPERIMPUTE,2026-06-10T19:06:21,ok,data_science,MNAR,9,0.3,5,0.2442,0.2442,0.2442,1638,0,,139.8024,1.0075,C:\Users\daisl\Documents\Tullio\PARALLEL\MISSDC_EXPERIMENTS\data\data_science\MNAR\0.3\5\clean.csv,C:\Users\daisl\Documents\Tullio\PARALLEL\MISSDC_EXPERIMENTS\data\data_science\MNAR\0.3\5\dirty.csv,C:\Users\daisl\Documents\Tullio\PARALLEL\MISSDC_EXPERIMENTS\data\data_science\MNAR\0.3\5\dirty_imputed.csv,,
HYPERIMPUTE,2026-06-10T19:08:42,ok,flights,MAR,17,0.01,1,0.0297,0.0297,0.0297,1683,0,,40.139,1.0191,C:\Users\daisl\Documents\Tullio\PARALLEL\MISSDC_EXPERIMENTS\data\flights\MAR\0.01\1\clean.csv,C:\Users\daisl\Documents\Tullio\PARALLEL\MISSDC_EXPERIMENTS\data\flights\MAR\0.01\1\dirty.csv,C:\Users\daisl\Documents\Tullio\PARALLEL\MISSDC_EXPERIMENTS\data\flights\MAR\0.01\1\dirty_imputed.csv,,
HYPERIMPUTE,2026-06-10T19:09:23,ok,flights,MAR,17,0.01,2,0.0095,0.0095,0.0095,1683,0,,36.346,0.9957,C:\Users\daisl\Documents\Tullio\PARALLEL\MISSDC_EXPERIMENTS\data\flights\MAR\0.01\2\clean.csv,C:\Users\daisl\Documents\Tullio\PARALLEL\MISSDC_EXPERIMENTS\data\flights\MAR\0.01\2\dirty.csv,C:\Users\daisl\Documents\Tullio\PARALLEL\MISSDC_EXPERIMENTS\data\flights\MAR\0.01\2\dirty_imputed.csv,,
HYPERIMPUTE,2026-06-10T19:10:00,ok,flights,MAR,17,0.01,3,0.0202,0.0202,0.0202,1683,0,,39.9244,1.025,C:\Users\daisl\Documents\Tullio\PARALLEL\MISSDC_EXPERIMENTS\data\flights\MAR\0.01\3\clean.csv,C:\Users\daisl\Documents\Tullio\PARALLEL\MISSDC_EXPERIMENTS\data\flights\MAR\0.01\3\dirty.csv,C:\Users\daisl\Documents\Tullio\PARALLEL\MISSDC_EXPERIMENTS\data\flights\MAR\0.01\3\dirty_imputed.csv,,
HYPERIMPUTE,2026-06-10T19:10:41,ok,flights,MAR,17,0.01,4,0.0137,0.0137,0.0137,1683,0,,37.3075,0.9632,C:\Users\daisl\Documents\Tullio\PARALLEL\MISSDC_EXPERIMENTS\data\flights\MAR\0.01\4\clean.csv,C:\Users\daisl\Documents\Tullio\PARALLEL\MISSDC_EXPERIMENTS\data\flights\MAR\0.01\4\dirty.csv,C:\Users\daisl\Documents\Tullio\PARALLEL\MISSDC_EXPERIMENTS\data\flights\MAR\0.01\4\dirty_imputed.csv,,
HYPERIMPUTE,2026-06-10T19:11:20,ok,flights,MAR,17,0.01,5,0.016,0.016,0.016,1683,0,,37.3977,0.9907,C:\Users\daisl\Documents\Tullio\PARALLEL\MISSDC_EXPERIMENTS\data\flights\MAR\0.01\5\clean.csv,C:\Users\daisl\Documents\Tullio\PARALLEL\MISSDC_EXPERIMENTS\data\flights\MAR\0.01\5\dirty.csv,C:\Users\daisl\Documents\Tullio\PARALLEL\MISSDC_EXPERIMENTS\data\flights\MAR\0.01\5\dirty_imputed.csv,,
HYPERIMPUTE,2026-06-10T19:11:58,ok,flights,MAR,17,0.05,1,0.0125,0.0125,0.0125,8483,0,,39.3539,1.1657,C:\Users\daisl\Documents\Tullio\PARALLEL\MISSDC_EXPERIMENTS\data\flights\MAR\0.05\1\clean.csv,C:\Users\daisl\Documents\Tullio\PARALLEL\MISSDC_EXPERIMENTS\data\flights\MAR\0.05\1\dirty.csv,C:\Users\daisl\Documents\Tullio\PARALLEL\MISSDC_EXPERIMENTS\data\flights\MAR\0.05\1\dirty_imputed.csv,,
HYPERIMPUTE,2026-06-10T19:12:39,ok,flights,MAR,17,0.05,2,0.0186,0.0186,0.0186,8483,0,,37.3451,1.1547,C:\Users\daisl\Documents\Tullio\PARALLEL\MISSDC_EXPERIMENTS\data\flights\MAR\0.05\2\clean.csv,C:\Users\daisl\Documents\Tullio\PARALLEL\MISSDC_EXPERIMENTS\data\flights\MAR\0.05\2\dirty.csv,C:\Users\daisl\Documents\Tullio\PARALLEL\MISSDC_EXPERIMENTS\data\flights\MAR\0.05\2\dirty_imputed.csv,,
HYPERIMPUTE,2026-06-10T19:13:17,ok,flights,MAR,17,0.05,3,0.0202,0.0202,0.0202,8483,0,,36.7536,1.1766,C:\Users\daisl\Documents\Tullio\PARALLEL\MISSDC_EXPERIMENTS\data\flights\MAR\0.05\3\clean.csv,C:\Users\daisl\Documents\Tullio\PARALLEL\MISSDC_EXPERIMENTS\data\flights\MAR\0.05\3\dirty.csv,C:\Users\daisl\Documents\Tullio\PARALLEL\MISSDC_EXPERIMENTS\data\flights\MAR\0.05\3\dirty_imputed.csv,,
HYPERIMPUTE,2026-06-10T19:13:55,ok,flights,MAR,17,0.05,4,0.0199,0.0199,0.0199,8483,0,,37.7979,1.1925,C:\Users\daisl\Documents\Tullio\PARALLEL\MISSDC_EXPERIMENTS\data\flights\MAR\0.05\4\clean.csv,C:\Users\daisl\Documents\Tullio\PARALLEL\MISSDC_EXPERIMENTS\data\flights\MAR\0.05\4\dirty.csv,C:\Users\daisl\Documents\Tullio\PARALLEL\MISSDC_EXPERIMENTS\data\flights\MAR\0.05\4\dirty_imputed.csv,,
HYPERIMPUTE,2026-06-10T19:14:34,ok,flights,MAR,17,0.05,5,0.0163,0.0163,0.0163,8483,0,,40.1206,1.1926,C:\Users\daisl\Documents\Tullio\PARALLEL\MISSDC_EXPERIMENTS\data\flights\MAR\0.05\5\clean.csv,C:\Users\daisl\Documents\Tullio\PARALLEL\MISSDC_EXPERIMENTS\data\flights\MAR\0.05\5\dirty.csv,C:\Users\daisl\Documents\Tullio\PARALLEL\MISSDC_EXPERIMENTS\data\flights\MAR\0.05\5\dirty_imputed.csv,,
HYPERIMPUTE,2026-06-10T19:15:15,ok,flights,MAR,17,0.1,1,0.0198,0.0198,0.0198,16983,0,,40.3954,1.4323,C:\Users\daisl\Documents\Tullio\PARALLEL\MISSDC_EXPERIMENTS\data\flights\MAR\0.1\1\clean.csv,C:\Users\daisl\Documents\Tullio\PARALLEL\MISSDC_EXPERIMENTS\data\flights\MAR\0.1\1\dirty.csv,C:\Users\daisl\Documents\Tullio\PARALLEL\MISSDC_EXPERIMENTS\data\flights\MAR\0.1\1\dirty_imputed.csv,,
HYPERIMPUTE,2026-06-10T19:15:57,ok,flights,MAR,17,0.1,2,0.0108,0.0108,0.0108,16983,0,,40.3701,1.3812,C:\Users\daisl\Documents\Tullio\PARALLEL\MISSDC_EXPERIMENTS\data\flights\MAR\0.1\2\clean.csv,C:\Users\daisl\Documents\Tullio\PARALLEL\MISSDC_EXPERIMENTS\data\flights\MAR\0.1\2\dirty.csv,C:\Users\daisl\Documents\Tullio\PARALLEL\MISSDC_EXPERIMENTS\data\flights\MAR\0.1\2\dirty_imputed.csv,,
HYPERIMPUTE,2026-06-10T19:16:39,ok,flights,MAR,17,0.1,3,0.0311,0.0311,0.0311,16983,0,,36.3963,1.4018,C:\Users\daisl\Documents\Tullio\PARALLEL\MISSDC_EXPERIMENTS\data\flights\MAR\0.1\3\clean.csv,C:\Users\daisl\Documents\Tullio\PARALLEL\MISSDC_EXPERIMENTS\data\flights\MAR\0.1\3\dirty.csv,C:\Users\daisl\Documents\Tullio\PARALLEL\MISSDC_EXPERIMENTS\data\flights\MAR\0.1\3\dirty_imputed.csv,,
HYPERIMPUTE,2026-06-10T19:17:17,ok,flights,MAR,17,0.1,4,0.0157,0.0157,0.0157,16983,0,,40.2659,1.4232,C:\Users\daisl\Documents\Tullio\PARALLEL\MISSDC_EXPERIMENTS\data\flights\MAR\0.1\4\clean.csv,C:\Users\daisl\Documents\Tullio\PARALLEL\MISSDC_EXPERIMENTS\data\flights\MAR\0.1\4\dirty.csv,C:\Users\daisl\Documents\Tullio\PARALLEL\MISSDC_EXPERIMENTS\data\flights\MAR\0.1\4\dirty_imputed.csv,,
HYPERIMPUTE,2026-06-10T19:17:59,ok,flights,MAR,17,0.1,5,0.0256,0.0256,0.0256,16983,0,,40.7424,1.4687,C:\Users\daisl\Documents\Tullio\PARALLEL\MISSDC_EXPERIMENTS\data\flights\MAR\0.1\5\clean.csv,C:\Users\daisl\Documents\Tullio\PARALLEL\MISSDC_EXPERIMENTS\data\flights\MAR\0.1\5\dirty.csv,C:\Users\daisl\Documents\Tullio\PARALLEL\MISSDC_EXPERIMENTS\data\flights\MAR\0.1\5\dirty_imputed.csv,,
HYPERIMPUTE,2026-06-10T19:18:41,ok,flights,MAR,17,0.15,1,0.0142,0.0142,0.0142,25483,0,,40.4238,1.6347,C:\Users\daisl\Documents\Tullio\PARALLEL\MISSDC_EXPERIMENTS\data\flights\MAR\0.15\1\clean.csv,C:\Users\daisl\Documents\Tullio\PARALLEL\MISSDC_EXPERIMENTS\data\flights\MAR\0.15\1\dirty.csv,C:\Users\daisl\Documents\Tullio\PARALLEL\MISSDC_EXPERIMENTS\data\flights\MAR\0.15\1\dirty_imputed.csv,,
HYPERIMPUTE,2026-06-10T19:19:23,ok,flights,MAR,17,0.15,2,0.0176,0.0176,0.0176,25483,0,,39.8986,1.6209,C:\Users\daisl\Documents\Tullio\PARALLEL\MISSDC_EXPERIMENTS\data\flights\MAR\0.15\2\clean.csv,C:\Users\daisl\Documents\Tullio\PARALLEL\MISSDC_EXPERIMENTS\data\flights\MAR\0.15\2\dirty.csv,C:\Users\daisl\Documents\Tullio\PARALLEL\MISSDC_EXPERIMENTS\data\flights\MAR\0.15\2\dirty_imputed.csv,,
HYPERIMPUTE,2026-06-10T19:20:04,ok,flights,MAR,17,0.15,3,0.0292,0.0292,0.0292,25483,0,,35.6644,1.4434,C:\Users\daisl\Documents\Tullio\PARALLEL\MISSDC_EXPERIMENTS\data\flights\MAR\0.15\3\clean.csv,C:\Users\daisl\Documents\Tullio\PARALLEL\MISSDC_EXPERIMENTS\data\flights\MAR\0.15\3\dirty.csv,C:\Users\daisl\Documents\Tullio\PARALLEL\MISSDC_EXPERIMENTS\data\flights\MAR\0.15\3\dirty_imputed.csv,,
HYPERIMPUTE,2026-06-10T19:20:42,ok,flights,MAR,17,0.15,4,0.0232,0.0232,0.0232,25483,0,,35.5074,1.321,C:\Users\daisl\Documents\Tullio\PARALLEL\MISSDC_EXPERIMENTS\data\flights\MAR\0.15\4\clean.csv,C:\Users\daisl\Documents\Tullio\PARALLEL\MISSDC_EXPERIMENTS\data\flights\MAR\0.15\4\dirty.csv,C:\Users\daisl\Documents\Tullio\PARALLEL\MISSDC_EXPERIMENTS\data\flights\MAR\0.15\4\dirty_imputed.csv,,
HYPERIMPUTE,2026-06-10T19:21:18,ok,flights,MAR,17,0.15,5,0.0159,0.0159,0.0159,25483,0,,32.493,1.3073,C:\Users\daisl\Documents\Tullio\PARALLEL\MISSDC_EXPERIMENTS\data\flights\MAR\0.15\5\clean.csv,C:\Users\daisl\Documents\Tullio\PARALLEL\MISSDC_EXPERIMENTS\data\flights\MAR\0.15\5\dirty.csv,C:\Users\daisl\Documents\Tullio\PARALLEL\MISSDC_EXPERIMENTS\data\flights\MAR\0.15\5\dirty_imputed.csv,,
HYPERIMPUTE,2026-06-10T19:21:52,ok,flights,MAR,17,0.2,1,0.0219,0.0219,0.0219,33983,0,,28.4981,1.4972,C:\Users\daisl\Documents\Tullio\PARALLEL\MISSDC_EXPERIMENTS\data\flights\MAR\0.2\1\clean.csv,C:\Users\daisl\Documents\Tullio\PARALLEL\MISSDC_EXPERIMENTS\data\flights\MAR\0.2\1\dirty.csv,C:\Users\daisl\Documents\Tullio\PARALLEL\MISSDC_EXPERIMENTS\data\flights\MAR\0.2\1\dirty_imputed.csv,,
HYPERIMPUTE,2026-06-10T19:22:22,ok,flights,MAR,17,0.2,2,0.02,0.02,0.02,33983,0,,34.4841,1.5617,C:\Users\daisl\Documents\Tullio\PARALLEL\MISSDC_EXPERIMENTS\data\flights\MAR\0.2\2\clean.csv,C:\Users\daisl\Documents\Tullio\PARALLEL\MISSDC_EXPERIMENTS\data\flights\MAR\0.2\2\dirty.csv,C:\Users\daisl\Documents\Tullio\PARALLEL\MISSDC_EXPERIMENTS\data\flights\MAR\0.2\2\dirty_imputed.csv,,
HYPERIMPUTE,2026-06-10T19:22:58,ok,flights,MAR,17,0.2,3,0.0354,0.0354,0.0354,33983,0,,34.6389,1.7543,C:\Users\daisl\Documents\Tullio\PARALLEL\MISSDC_EXPERIMENTS\data\flights\MAR\0.2\3\clean.csv,C:\Users\daisl\Documents\Tullio\PARALLEL\MISSDC_EXPERIMENTS\data\flights\MAR\0.2\3\dirty.csv,C:\Users\daisl\Documents\Tullio\PARALLEL\MISSDC_EXPERIMENTS\data\flights\MAR\0.2\3\dirty_imputed.csv,,
HYPERIMPUTE,2026-06-10T19:23:35,ok,flights,MAR,17,0.2,4,0.0183,0.0183,0.0183,33983,0,,34.5441,1.4735,C:\Users\daisl\Documents\Tullio\PARALLEL\MISSDC_EXPERIMENTS\data\flights\MAR\0.2\4\clean.csv,C:\Users\daisl\Documents\Tullio\PARALLEL\MISSDC_EXPERIMENTS\data\flights\MAR\0.2\4\dirty.csv,C:\Users\daisl\Documents\Tullio\PARALLEL\MISSDC_EXPERIMENTS\data\flights\MAR\0.2\4\dirty_imputed.csv,,
HYPERIMPUTE,2026-06-10T19:24:11,ok,flights,MAR,17,0.2,5,0.0193,0.0193,0.0193,33983,0,,32.235,1.5889,C:\Users\daisl\Documents\Tullio\PARALLEL\MISSDC_EXPERIMENTS\data\flights\MAR\0.2\5\clean.csv,C:\Users\daisl\Documents\Tullio\PARALLEL\MISSDC_EXPERIMENTS\data\flights\MAR\0.2\5\dirty.csv,C:\Users\daisl\Documents\Tullio\PARALLEL\MISSDC_EXPERIMENTS\data\flights\MAR\0.2\5\dirty_imputed.csv,,
HYPERIMPUTE,2026-06-10T19:24:45,ok,flights,MAR,17,0.25,1,0.0212,0.0212,0.0212,42483,0,,36.8998,1.6629,C:\Users\daisl\Documents\Tullio\PARALLEL\MISSDC_EXPERIMENTS\data\flights\MAR\0.25\1\clean.csv,C:\Users\daisl\Documents\Tullio\PARALLEL\MISSDC_EXPERIMENTS\data\flights\MAR\0.25\1\dirty.csv,C:\Users\daisl\Documents\Tullio\PARALLEL\MISSDC_EXPERIMENTS\data\flights\MAR\0.25\1\dirty_imputed.csv,,
HYPERIMPUTE,2026-06-10T19:25:23,ok,flights,MAR,17,0.25,2,0.0139,0.0139,0.0139,42483,0,,32.0206,1.7391,C:\Users\daisl\Documents\Tullio\PARALLEL\MISSDC_EXPERIMENTS\data\flights\MAR\0.25\2\clean.csv,C:\Users\daisl\Documents\Tullio\PARALLEL\MISSDC_EXPERIMENTS\data\flights\MAR\0.25\2\dirty.csv,C:\Users\daisl\Documents\Tullio\PARALLEL\MISSDC_EXPERIMENTS\data\flights\MAR\0.25\2\dirty_imputed.csv,,
HYPERIMPUTE,2026-06-10T19:25:57,ok,flights,MAR,17,0.25,3,0.0203,0.0203,0.0203,42483,0,,31.572,1.6341,C:\Users\daisl\Documents\Tullio\PARALLEL\MISSDC_EXPERIMENTS\data\flights\MAR\0.25\3\clean.csv,C:\Users\daisl\Documents\Tullio\PARALLEL\MISSDC_EXPERIMENTS\data\flights\MAR\0.25\3\dirty.csv,C:\Users\daisl\Documents\Tullio\PARALLEL\MISSDC_EXPERIMENTS\data\flights\MAR\0.25\3\dirty_imputed.csv,,
HYPERIMPUTE,2026-06-10T19:26:30,ok,flights,MAR,17,0.25,4,0.0381,0.0381,0.0381,42483,0,,32.1021,1.8542,C:\Users\daisl\Documents\Tullio\PARALLEL\MISSDC_EXPERIMENTS\data\flights\MAR\0.25\4\clean.csv,C:\Users\daisl\Documents\Tullio\PARALLEL\MISSDC_EXPERIMENTS\data\flights\MAR\0.25\4\dirty.csv,C:\Users\daisl\Documents\Tullio\PARALLEL\MISSDC_EXPERIMENTS\data\flights\MAR\0.25\4\dirty_imputed.csv,,
HYPERIMPUTE,2026-06-10T19:27:04,ok,flights,MAR,17,0.25,5,0.0174,0.0174,0.0174,42483,0,,35.9968,2.0747,C:\Users\daisl\Documents\Tullio\PARALLEL\MISSDC_EXPERIMENTS\data\flights\MAR\0.25\5\clean.csv,C:\Users\daisl\Documents\Tullio\PARALLEL\MISSDC_EXPERIMENTS\data\flights\MAR\0.25\5\dirty.csv,C:\Users\daisl\Documents\Tullio\PARALLEL\MISSDC_EXPERIMENTS\data\flights\MAR\0.25\5\dirty_imputed.csv,,
HYPERIMPUTE,2026-06-10T19:27:42,ok,flights,MAR,17,0.3,1,0.0168,0.0168,0.0168,50983,0,,37.7288,2.3473,C:\Users\daisl\Documents\Tullio\PARALLEL\MISSDC_EXPERIMENTS\data\flights\MAR\0.3\1\clean.csv,C:\Users\daisl\Documents\Tullio\PARALLEL\MISSDC_EXPERIMENTS\data\flights\MAR\0.3\1\dirty.csv,C:\Users\daisl\Documents\Tullio\PARALLEL\MISSDC_EXPERIMENTS\data\flights\MAR\0.3\1\dirty_imputed.csv,,
HYPERIMPUTE,2026-06-10T19:28:22,ok,flights,MAR,17,0.3,2,0.0209,0.0209,0.0209,50983,0,,34.5129,2.3125,C:\Users\daisl\Documents\Tullio\PARALLEL\MISSDC_EXPERIMENTS\data\flights\MAR\0.3\2\clean.csv,C:\Users\daisl\Documents\Tullio\PARALLEL\MISSDC_EXPERIMENTS\data\flights\MAR\0.3\2\dirty.csv,C:\Users\daisl\Documents\Tullio\PARALLEL\MISSDC_EXPERIMENTS\data\flights\MAR\0.3\2\dirty_imputed.csv,,
HYPERIMPUTE,2026-06-10T19:28:59,ok,flights,MAR,17,0.3,3,0.0217,0.0217,0.0217,50983,0,,41.4043,2.302,C:\Users\daisl\Documents\Tullio\PARALLEL\MISSDC_EXPERIMENTS\data\flights\MAR\0.3\3\clean.csv,C:\Users\daisl\Documents\Tullio\PARALLEL\MISSDC_EXPERIMENTS\data\flights\MAR\0.3\3\dirty.csv,C:\Users\daisl\Documents\Tullio\PARALLEL\MISSDC_EXPERIMENTS\data\flights\MAR\0.3\3\dirty_imputed.csv,,
HYPERIMPUTE,2026-06-10T19:29:43,ok,flights,MAR,17,0.3,4,0.0255,0.0255,0.0255,50983,0,,34.7782,2.2712,C:\Users\daisl\Documents\Tullio\PARALLEL\MISSDC_EXPERIMENTS\data\flights\MAR\0.3\4\clean.csv,C:\Users\daisl\Documents\Tullio\PARALLEL\MISSDC_EXPERIMENTS\data\flights\MAR\0.3\4\dirty.csv,C:\Users\daisl\Documents\Tullio\PARALLEL\MISSDC_EXPERIMENTS\data\flights\MAR\0.3\4\dirty_imputed.csv,,
HYPERIMPUTE,2026-06-10T19:30:20,ok,flights,MAR,17,0.3,5,0.0172,0.0172,0.0172,50983,0,,31.8015,2.2937,C:\Users\daisl\Documents\Tullio\PARALLEL\MISSDC_EXPERIMENTS\data\flights\MAR\0.3\5\clean.csv,C:\Users\daisl\Documents\Tullio\PARALLEL\MISSDC_EXPERIMENTS\data\flights\MAR\0.3\5\dirty.csv,C:\Users\daisl\Documents\Tullio\PARALLEL\MISSDC_EXPERIMENTS\data\flights\MAR\0.3\5\dirty_imputed.csv,,
HYPERIMPUTE,2026-06-10T19:30:54,ok,flights,MCAR,17,0.01,1,0.0261,0.0261,0.0261,1683,0,,36.9105,0.9737,C:\Users\daisl\Documents\Tullio\PARALLEL\MISSDC_EXPERIMENTS\data\flights\MCAR\0.01\1\clean.csv,C:\Users\daisl\Documents\Tullio\PARALLEL\MISSDC_EXPERIMENTS\data\flights\MCAR\0.01\1\dirty.csv,C:\Users\daisl\Documents\Tullio\PARALLEL\MISSDC_EXPERIMENTS\data\flights\MCAR\0.01\1\dirty_imputed.csv,,
HYPERIMPUTE,2026-06-10T19:31:32,ok,flights,MCAR,17,0.01,2,0.019,0.019,0.019,1683,0,,40.0607,1.0094,C:\Users\daisl\Documents\Tullio\PARALLEL\MISSDC_EXPERIMENTS\data\flights\MCAR\0.01\2\clean.csv,C:\Users\daisl\Documents\Tullio\PARALLEL\MISSDC_EXPERIMENTS\data\flights\MCAR\0.01\2\dirty.csv,C:\Users\daisl\Documents\Tullio\PARALLEL\MISSDC_EXPERIMENTS\data\flights\MCAR\0.01\2\dirty_imputed.csv,,
HYPERIMPUTE,2026-06-10T19:32:13,ok,flights,MCAR,17,0.01,3,0.0202,0.0202,0.0202,1683,0,,37.4869,1.0022,C:\Users\daisl\Documents\Tullio\PARALLEL\MISSDC_EXPERIMENTS\data\flights\MCAR\0.01\3\clean.csv,C:\Users\daisl\Documents\Tullio\PARALLEL\MISSDC_EXPERIMENTS\data\flights\MCAR\0.01\3\dirty.csv,C:\Users\daisl\Documents\Tullio\PARALLEL\MISSDC_EXPERIMENTS\data\flights\MCAR\0.01\3\dirty_imputed.csv,,
HYPERIMPUTE,2026-06-10T19:32:52,ok,flights,MCAR,17,0.01,4,0.0172,0.0172,0.0172,1683,0,,38.6438,1.0434,C:\Users\daisl\Documents\Tullio\PARALLEL\MISSDC_EXPERIMENTS\data\flights\MCAR\0.01\4\clean.csv,C:\Users\daisl\Documents\Tullio\PARALLEL\MISSDC_EXPERIMENTS\data\flights\MCAR\0.01\4\dirty.csv,C:\Users\daisl\Documents\Tullio\PARALLEL\MISSDC_EXPERIMENTS\data\flights\MCAR\0.01\4\dirty_imputed.csv,,
HYPERIMPUTE,2026-06-10T19:33:32,ok,flights,MCAR,17,0.01,5,0.0255,0.0255,0.0255,1683,0,,35.8463,1.0385,C:\Users\daisl\Documents\Tullio\PARALLEL\MISSDC_EXPERIMENTS\data\flights\MCAR\0.01\5\clean.csv,C:\Users\daisl\Documents\Tullio\PARALLEL\MISSDC_EXPERIMENTS\data\flights\MCAR\0.01\5\dirty.csv,C:\Users\daisl\Documents\Tullio\PARALLEL\MISSDC_EXPERIMENTS\data\flights\MCAR\0.01\5\dirty_imputed.csv,,
HYPERIMPUTE,2026-06-10T19:34:08,ok,flights,MCAR,17,0.05,1,0.0252,0.0252,0.0252,8483,0,,36.0663,1.1996,C:\Users\daisl\Documents\Tullio\PARALLEL\MISSDC_EXPERIMENTS\data\flights\MCAR\0.05\1\clean.csv,C:\Users\daisl\Documents\Tullio\PARALLEL\MISSDC_EXPERIMENTS\data\flights\MCAR\0.05\1\dirty.csv,C:\Users\daisl\Documents\Tullio\PARALLEL\MISSDC_EXPERIMENTS\data\flights\MCAR\0.05\1\dirty_imputed.csv,,
HYPERIMPUTE,2026-06-10T19:34:46,ok,flights,MCAR,17,0.05,2,0.0238,0.0238,0.0238,8483,0,,40.3968,1.1626,C:\Users\daisl\Documents\Tullio\PARALLEL\MISSDC_EXPERIMENTS\data\flights\MCAR\0.05\2\clean.csv,C:\Users\daisl\Documents\Tullio\PARALLEL\MISSDC_EXPERIMENTS\data\flights\MCAR\0.05\2\dirty.csv,C:\Users\daisl\Documents\Tullio\PARALLEL\MISSDC_EXPERIMENTS\data\flights\MCAR\0.05\2\dirty_imputed.csv,,
HYPERIMPUTE,2026-06-10T19:35:27,ok,flights,MCAR,17,0.05,3,0.023,0.023,0.023,8483,0,,36.741,1.13,C:\Users\daisl\Documents\Tullio\PARALLEL\MISSDC_EXPERIMENTS\data\flights\MCAR\0.05\3\clean.csv,C:\Users\daisl\Documents\Tullio\PARALLEL\MISSDC_EXPERIMENTS\data\flights\MCAR\0.05\3\dirty.csv,C:\Users\daisl\Documents\Tullio\PARALLEL\MISSDC_EXPERIMENTS\data\flights\MCAR\0.05\3\dirty_imputed.csv,,
HYPERIMPUTE,2026-06-10T19:36:05,ok,flights,MCAR,17,0.05,4,0.0237,0.0237,0.0237,8483,0,,40.1721,1.2093,C:\Users\daisl\Documents\Tullio\PARALLEL\MISSDC_EXPERIMENTS\data\flights\MCAR\0.05\4\clean.csv,C:\Users\daisl\Documents\Tullio\PARALLEL\MISSDC_EXPERIMENTS\data\flights\MCAR\0.05\4\dirty.csv,C:\Users\daisl\Documents\Tullio\PARALLEL\MISSDC_EXPERIMENTS\data\flights\MCAR\0.05\4\dirty_imputed.csv,,
HYPERIMPUTE,2026-06-10T19:36:47,ok,flights,MCAR,17,0.05,5,0.0215,0.0215,0.0215,8483,0,,36.8284,1.1681,C:\Users\daisl\Documents\Tullio\PARALLEL\MISSDC_EXPERIMENTS\data\flights\MCAR\0.05\5\clean.csv,C:\Users\daisl\Documents\Tullio\PARALLEL\MISSDC_EXPERIMENTS\data\flights\MCAR\0.05\5\dirty.csv,C:\Users\daisl\Documents\Tullio\PARALLEL\MISSDC_EXPERIMENTS\data\flights\MCAR\0.05\5\dirty_imputed.csv,,
HYPERIMPUTE,2026-06-10T19:37:25,ok,flights,MCAR,17,0.1,1,0.0205,0.0205,0.0205,16983,0,,29.2982,1.3908,C:\Users\daisl\Documents\Tullio\PARALLEL\MISSDC_EXPERIMENTS\data\flights\MCAR\0.1\1\clean.csv,C:\Users\daisl\Documents\Tullio\PARALLEL\MISSDC_EXPERIMENTS\data\flights\MCAR\0.1\1\dirty.csv,C:\Users\daisl\Documents\Tullio\PARALLEL\MISSDC_EXPERIMENTS\data\flights\MCAR\0.1\1\dirty_imputed.csv,,
HYPERIMPUTE,2026-06-10T19:37:55,ok,flights,MCAR,17,0.1,2,0.0223,0.0223,0.0223,16983,0,,36.6558,1.5234,C:\Users\daisl\Documents\Tullio\PARALLEL\MISSDC_EXPERIMENTS\data\flights\MCAR\0.1\2\clean.csv,C:\Users\daisl\Documents\Tullio\PARALLEL\MISSDC_EXPERIMENTS\data\flights\MCAR\0.1\2\dirty.csv,C:\Users\daisl\Documents\Tullio\PARALLEL\MISSDC_EXPERIMENTS\data\flights\MCAR\0.1\2\dirty_imputed.csv,,
HYPERIMPUTE,2026-06-10T19:38:34,ok,flights,MCAR,17,0.1,3,0.0219,0.0219,0.0219,16983,0,,37.1106,1.4076,C:\Users\daisl\Documents\Tullio\PARALLEL\MISSDC_EXPERIMENTS\data\flights\MCAR\0.1\3\clean.csv,C:\Users\daisl\Documents\Tullio\PARALLEL\MISSDC_EXPERIMENTS\data\flights\MCAR\0.1\3\dirty.csv,C:\Users\daisl\Documents\Tullio\PARALLEL\MISSDC_EXPERIMENTS\data\flights\MCAR\0.1\3\dirty_imputed.csv,,
HYPERIMPUTE,2026-06-10T19:39:12,ok,flights,MCAR,17,0.1,4,0.0236,0.0236,0.0236,16983,0,,37.4536,1.3906,C:\Users\daisl\Documents\Tullio\PARALLEL\MISSDC_EXPERIMENTS\data\flights\MCAR\0.1\4\clean.csv,C:\Users\daisl\Documents\Tullio\PARALLEL\MISSDC_EXPERIMENTS\data\flights\MCAR\0.1\4\dirty.csv,C:\Users\daisl\Documents\Tullio\PARALLEL\MISSDC_EXPERIMENTS\data\flights\MCAR\0.1\4\dirty_imputed.csv,,
HYPERIMPUTE,2026-06-10T19:39:51,ok,flights,MCAR,17,0.1,5,0.0227,0.0227,0.0227,16983,0,,39.7086,1.4061,C:\Users\daisl\Documents\Tullio\PARALLEL\MISSDC_EXPERIMENTS\data\flights\MCAR\0.1\5\clean.csv,C:\Users\daisl\Documents\Tullio\PARALLEL\MISSDC_EXPERIMENTS\data\flights\MCAR\0.1\5\dirty.csv,C:\Users\daisl\Documents\Tullio\PARALLEL\MISSDC_EXPERIMENTS\data\flights\MCAR\0.1\5\dirty_imputed.csv,,
HYPERIMPUTE,2026-06-10T19:40:32,ok,flights,MCAR,17,0.15,1,0.0232,0.0232,0.0232,25483,0,,40.5247,1.6064,C:\Users\daisl\Documents\Tullio\PARALLEL\MISSDC_EXPERIMENTS\data\flights\MCAR\0.15\1\clean.csv,C:\Users\daisl\Documents\Tullio\PARALLEL\MISSDC_EXPERIMENTS\data\flights\MCAR\0.15\1\dirty.csv,C:\Users\daisl\Documents\Tullio\PARALLEL\MISSDC_EXPERIMENTS\data\flights\MCAR\0.15\1\dirty_imputed.csv,,
HYPERIMPUTE,2026-06-10T19:41:14,ok,flights,MCAR,17,0.15,2,0.021,0.021,0.021,25483,0,,36.4895,1.6101,C:\Users\daisl\Documents\Tullio\PARALLEL\MISSDC_EXPERIMENTS\data\flights\MCAR\0.15\2\clean.csv,C:\Users\daisl\Documents\Tullio\PARALLEL\MISSDC_EXPERIMENTS\data\flights\MCAR\0.15\2\dirty.csv,C:\Users\daisl\Documents\Tullio\PARALLEL\MISSDC_EXPERIMENTS\data\flights\MCAR\0.15\2\dirty_imputed.csv,,
HYPERIMPUTE,2026-06-10T19:41:53,ok,flights,MCAR,17,0.15,3,0.0206,0.0206,0.0206,25483,0,,40.0867,1.6126,C:\Users\daisl\Documents\Tullio\PARALLEL\MISSDC_EXPERIMENTS\data\flights\MCAR\0.15\3\clean.csv,C:\Users\daisl\Documents\Tullio\PARALLEL\MISSDC_EXPERIMENTS\data\flights\MCAR\0.15\3\dirty.csv,C:\Users\daisl\Documents\Tullio\PARALLEL\MISSDC_EXPERIMENTS\data\flights\MCAR\0.15\3\dirty_imputed.csv,,
HYPERIMPUTE,2026-06-10T19:42:34,ok,flights,MCAR,17,0.15,4,0.022,0.022,0.022,25483,0,,38.4941,1.6636,C:\Users\daisl\Documents\Tullio\PARALLEL\MISSDC_EXPERIMENTS\data\flights\MCAR\0.15\4\clean.csv,C:\Users\daisl\Documents\Tullio\PARALLEL\MISSDC_EXPERIMENTS\data\flights\MCAR\0.15\4\dirty.csv,C:\Users\daisl\Documents\Tullio\PARALLEL\MISSDC_EXPERIMENTS\data\flights\MCAR\0.15\4\dirty_imputed.csv,,
HYPERIMPUTE,2026-06-10T19:43:14,ok,flights,MCAR,17,0.15,5,0.0218,0.0218,0.0218,25483,0,,36.206,1.6027,C:\Users\daisl\Documents\Tullio\PARALLEL\MISSDC_EXPERIMENTS\data\flights\MCAR\0.15\5\clean.csv,C:\Users\daisl\Documents\Tullio\PARALLEL\MISSDC_EXPERIMENTS\data\flights\MCAR\0.15\5\dirty.csv,C:\Users\daisl\Documents\Tullio\PARALLEL\MISSDC_EXPERIMENTS\data\flights\MCAR\0.15\5\dirty_imputed.csv,,
HYPERIMPUTE,2026-06-10T19:43:52,ok,flights,MCAR,17,0.2,1,0.0218,0.0218,0.0218,33983,0,,28.7747,1.8416,C:\Users\daisl\Documents\Tullio\PARALLEL\MISSDC_EXPERIMENTS\data\flights\MCAR\0.2\1\clean.csv,C:\Users\daisl\Documents\Tullio\PARALLEL\MISSDC_EXPERIMENTS\data\flights\MCAR\0.2\1\dirty.csv,C:\Users\daisl\Documents\Tullio\PARALLEL\MISSDC_EXPERIMENTS\data\flights\MCAR\0.2\1\dirty_imputed.csv,,
HYPERIMPUTE,2026-06-10T19:44:23,ok,flights,MCAR,17,0.2,2,0.022,0.022,0.022,33983,0,,36.3744,1.8074,C:\Users\daisl\Documents\Tullio\PARALLEL\MISSDC_EXPERIMENTS\data\flights\MCAR\0.2\2\clean.csv,C:\Users\daisl\Documents\Tullio\PARALLEL\MISSDC_EXPERIMENTS\data\flights\MCAR\0.2\2\dirty.csv,C:\Users\daisl\Documents\Tullio\PARALLEL\MISSDC_EXPERIMENTS\data\flights\MCAR\0.2\2\dirty_imputed.csv,,
HYPERIMPUTE,2026-06-10T19:45:01,ok,flights,MCAR,17,0.2,3,0.0231,0.0231,0.0231,33983,0,,39.4953,1.8488,C:\Users\daisl\Documents\Tullio\PARALLEL\MISSDC_EXPERIMENTS\data\flights\MCAR\0.2\3\clean.csv,C:\Users\daisl\Documents\Tullio\PARALLEL\MISSDC_EXPERIMENTS\data\flights\MCAR\0.2\3\dirty.csv,C:\Users\daisl\Documents\Tullio\PARALLEL\MISSDC_EXPERIMENTS\data\flights\MCAR\0.2\3\dirty_imputed.csv,,
HYPERIMPUTE,2026-06-10T19:45:43,ok,flights,MCAR,17,0.2,4,0.0228,0.0228,0.0228,33983,0,,35.8204,1.8265,C:\Users\daisl\Documents\Tullio\PARALLEL\MISSDC_EXPERIMENTS\data\flights\MCAR\0.2\4\clean.csv,C:\Users\daisl\Documents\Tullio\PARALLEL\MISSDC_EXPERIMENTS\data\flights\MCAR\0.2\4\dirty.csv,C:\Users\daisl\Documents\Tullio\PARALLEL\MISSDC_EXPERIMENTS\data\flights\MCAR\0.2\4\dirty_imputed.csv,,
HYPERIMPUTE,2026-06-10T19:46:20,ok,flights,MCAR,17,0.2,5,0.023,0.023,0.023,33983,0,,39.976,1.8165,C:\Users\daisl\Documents\Tullio\PARALLEL\MISSDC_EXPERIMENTS\data\flights\MCAR\0.2\5\clean.csv,C:\Users\daisl\Documents\Tullio\PARALLEL\MISSDC_EXPERIMENTS\data\flights\MCAR\0.2\5\dirty.csv,C:\Users\daisl\Documents\Tullio\PARALLEL\MISSDC_EXPERIMENTS\data\flights\MCAR\0.2\5\dirty_imputed.csv,,
HYPERIMPUTE,2026-06-10T19:47:02,ok,flights,MCAR,17,0.25,1,0.0218,0.0218,0.0218,42483,0,,32.1701,2.0907,C:\Users\daisl\Documents\Tullio\PARALLEL\MISSDC_EXPERIMENTS\data\flights\MCAR\0.25\1\clean.csv,C:\Users\daisl\Documents\Tullio\PARALLEL\MISSDC_EXPERIMENTS\data\flights\MCAR\0.25\1\dirty.csv,C:\Users\daisl\Documents\Tullio\PARALLEL\MISSDC_EXPERIMENTS\data\flights\MCAR\0.25\1\dirty_imputed.csv,,
HYPERIMPUTE,2026-06-10T19:47:36,ok,flights,MCAR,17,0.25,2,0.0229,0.0229,0.0229,42483,0,,33.0723,2.0788,C:\Users\daisl\Documents\Tullio\PARALLEL\MISSDC_EXPERIMENTS\data\flights\MCAR\0.25\2\clean.csv,C:\Users\daisl\Documents\Tullio\PARALLEL\MISSDC_EXPERIMENTS\data\flights\MCAR\0.25\2\dirty.csv,C:\Users\daisl\Documents\Tullio\PARALLEL\MISSDC_EXPERIMENTS\data\flights\MCAR\0.25\2\dirty_imputed.csv,,
HYPERIMPUTE,2026-06-10T19:48:12,ok,flights,MCAR,17,0.25,3,0.0224,0.0224,0.0224,42483,0,,31.9593,2.1463,C:\Users\daisl\Documents\Tullio\PARALLEL\MISSDC_EXPERIMENTS\data\flights\MCAR\0.25\3\clean.csv,C:\Users\daisl\Documents\Tullio\PARALLEL\MISSDC_EXPERIMENTS\data\flights\MCAR\0.25\3\dirty.csv,C:\Users\daisl\Documents\Tullio\PARALLEL\MISSDC_EXPERIMENTS\data\flights\MCAR\0.25\3\dirty_imputed.csv,,
HYPERIMPUTE,2026-06-10T19:48:46,ok,flights,MCAR,17,0.25,4,0.0229,0.0229,0.0229,42483,0,,33.0691,2.0406,C:\Users\daisl\Documents\Tullio\PARALLEL\MISSDC_EXPERIMENTS\data\flights\MCAR\0.25\4\clean.csv,C:\Users\daisl\Documents\Tullio\PARALLEL\MISSDC_EXPERIMENTS\data\flights\MCAR\0.25\4\dirty.csv,C:\Users\daisl\Documents\Tullio\PARALLEL\MISSDC_EXPERIMENTS\data\flights\MCAR\0.25\4\dirty_imputed.csv,,
HYPERIMPUTE,2026-06-10T19:49:21,ok,flights,MCAR,17,0.25,5,0.0218,0.0218,0.0218,42483,0,,36.1107,2.0549,C:\Users\daisl\Documents\Tullio\PARALLEL\MISSDC_EXPERIMENTS\data\flights\MCAR\0.25\5\clean.csv,C:\Users\daisl\Documents\Tullio\PARALLEL\MISSDC_EXPERIMENTS\data\flights\MCAR\0.25\5\dirty.csv,C:\Users\daisl\Documents\Tullio\PARALLEL\MISSDC_EXPERIMENTS\data\flights\MCAR\0.25\5\dirty_imputed.csv,,
HYPERIMPUTE,2026-06-10T19:49:59,ok,flights,MCAR,17,0.3,1,0.0222,0.0222,0.0222,50983,0,,34.2304,2.2794,C:\Users\daisl\Documents\Tullio\PARALLEL\MISSDC_EXPERIMENTS\data\flights\MCAR\0.3\1\clean.csv,C:\Users\daisl\Documents\Tullio\PARALLEL\MISSDC_EXPERIMENTS\data\flights\MCAR\0.3\1\dirty.csv,C:\Users\daisl\Documents\Tullio\PARALLEL\MISSDC_EXPERIMENTS\data\flights\MCAR\0.3\1\dirty_imputed.csv,,
HYPERIMPUTE,2026-06-10T19:50:36,ok,flights,MCAR,17,0.3,2,0.0225,0.0225,0.0225,50983,0,,35.84,2.2623,C:\Users\daisl\Documents\Tullio\PARALLEL\MISSDC_EXPERIMENTS\data\flights\MCAR\0.3\2\clean.csv,C:\Users\daisl\Documents\Tullio\PARALLEL\MISSDC_EXPERIMENTS\data\flights\MCAR\0.3\2\dirty.csv,C:\Users\daisl\Documents\Tullio\PARALLEL\MISSDC_EXPERIMENTS\data\flights\MCAR\0.3\2\dirty_imputed.csv,,
HYPERIMPUTE,2026-06-10T19:51:14,ok,flights,MCAR,17,0.3,3,0.0211,0.0211,0.0211,50983,0,,31.8743,2.3673,C:\Users\daisl\Documents\Tullio\PARALLEL\MISSDC_EXPERIMENTS\data\flights\MCAR\0.3\3\clean.csv,C:\Users\daisl\Documents\Tullio\PARALLEL\MISSDC_EXPERIMENTS\data\flights\MCAR\0.3\3\dirty.csv,C:\Users\daisl\Documents\Tullio\PARALLEL\MISSDC_EXPERIMENTS\data\flights\MCAR\0.3\3\dirty_imputed.csv,,
HYPERIMPUTE,2026-06-10T19:51:48,ok,flights,MCAR,17,0.3,4,0.0223,0.0223,0.0223,50983,0,,36.1637,2.3422,C:\Users\daisl\Documents\Tullio\PARALLEL\MISSDC_EXPERIMENTS\data\flights\MCAR\0.3\4\clean.csv,C:\Users\daisl\Documents\Tullio\PARALLEL\MISSDC_EXPERIMENTS\data\flights\MCAR\0.3\4\dirty.csv,C:\Users\daisl\Documents\Tullio\PARALLEL\MISSDC_EXPERIMENTS\data\flights\MCAR\0.3\4\dirty_imputed.csv,,
HYPERIMPUTE,2026-06-10T19:52:27,ok,flights,MCAR,17,0.3,5,0.0222,0.0222,0.0222,50983,0,,36.0278,2.3079,C:\Users\daisl\Documents\Tullio\PARALLEL\MISSDC_EXPERIMENTS\data\flights\MCAR\0.3\5\clean.csv,C:\Users\daisl\Documents\Tullio\PARALLEL\MISSDC_EXPERIMENTS\data\flights\MCAR\0.3\5\dirty.csv,C:\Users\daisl\Documents\Tullio\PARALLEL\MISSDC_EXPERIMENTS\data\flights\MCAR\0.3\5\dirty_imputed.csv,,
HYPERIMPUTE,2026-06-10T19:53:05,ok,flights,MNAR,17,0.01,1,0.0588,0.0588,0.0588,1683,0,,41.3354,1.0184,C:\Users\daisl\Documents\Tullio\PARALLEL\MISSDC_EXPERIMENTS\data\flights\MNAR\0.01\1\clean.csv,C:\Users\daisl\Documents\Tullio\PARALLEL\MISSDC_EXPERIMENTS\data\flights\MNAR\0.01\1\dirty.csv,C:\Users\daisl\Documents\Tullio\PARALLEL\MISSDC_EXPERIMENTS\data\flights\MNAR\0.01\1\dirty_imputed.csv,,
HYPERIMPUTE,2026-06-10T19:53:47,ok,flights,MNAR,17,0.01,2,0.0,0.0,0.0,1683,0,,40.1629,1.0276,C:\Users\daisl\Documents\Tullio\PARALLEL\MISSDC_EXPERIMENTS\data\flights\MNAR\0.01\2\clean.csv,C:\Users\daisl\Documents\Tullio\PARALLEL\MISSDC_EXPERIMENTS\data\flights\MNAR\0.01\2\dirty.csv,C:\Users\daisl\Documents\Tullio\PARALLEL\MISSDC_EXPERIMENTS\data\flights\MNAR\0.01\2\dirty_imputed.csv,,
HYPERIMPUTE,2026-06-10T19:54:29,ok,flights,MNAR,17,0.01,3,0.0588,0.0588,0.0588,1683,0,,37.1175,0.9677,C:\Users\daisl\Documents\Tullio\PARALLEL\MISSDC_EXPERIMENTS\data\flights\MNAR\0.01\3\clean.csv,C:\Users\daisl\Documents\Tullio\PARALLEL\MISSDC_EXPERIMENTS\data\flights\MNAR\0.01\3\dirty.csv,C:\Users\daisl\Documents\Tullio\PARALLEL\MISSDC_EXPERIMENTS\data\flights\MNAR\0.01\3\dirty_imputed.csv,,
HYPERIMPUTE,2026-06-10T19:55:07,ok,flights,MNAR,17,0.01,4,0.0,0.0,0.0,1683,0,,39.6412,0.9842,C:\Users\daisl\Documents\Tullio\PARALLEL\MISSDC_EXPERIMENTS\data\flights\MNAR\0.01\4\clean.csv,C:\Users\daisl\Documents\Tullio\PARALLEL\MISSDC_EXPERIMENTS\data\flights\MNAR\0.01\4\dirty.csv,C:\Users\daisl\Documents\Tullio\PARALLEL\MISSDC_EXPERIMENTS\data\flights\MNAR\0.01\4\dirty_imputed.csv,,
HYPERIMPUTE,2026-06-10T19:55:47,ok,flights,MNAR,17,0.01,5,0.0576,0.0576,0.0576,1683,0,,36.7838,0.9681,C:\Users\daisl\Documents\Tullio\PARALLEL\MISSDC_EXPERIMENTS\data\flights\MNAR\0.01\5\clean.csv,C:\Users\daisl\Documents\Tullio\PARALLEL\MISSDC_EXPERIMENTS\data\flights\MNAR\0.01\5\dirty.csv,C:\Users\daisl\Documents\Tullio\PARALLEL\MISSDC_EXPERIMENTS\data\flights\MNAR\0.01\5\dirty_imputed.csv,,
HYPERIMPUTE,2026-06-10T19:56:25,ok,flights,MNAR,17,0.05,1,0.0001,0.0001,0.0001,8483,0,,39.9582,1.1683,C:\Users\daisl\Documents\Tullio\PARALLEL\MISSDC_EXPERIMENTS\data\flights\MNAR\0.05\1\clean.csv,C:\Users\daisl\Documents\Tullio\PARALLEL\MISSDC_EXPERIMENTS\data\flights\MNAR\0.05\1\dirty.csv,C:\Users\daisl\Documents\Tullio\PARALLEL\MISSDC_EXPERIMENTS\data\flights\MNAR\0.05\1\dirty_imputed.csv,,
HYPERIMPUTE,2026-06-10T19:57:06,ok,flights,MNAR,17,0.05,2,0.0,0.0,0.0,8483,0,,39.9053,1.1515,C:\Users\daisl\Documents\Tullio\PARALLEL\MISSDC_EXPERIMENTS\data\flights\MNAR\0.05\2\clean.csv,C:\Users\daisl\Documents\Tullio\PARALLEL\MISSDC_EXPERIMENTS\data\flights\MNAR\0.05\2\dirty.csv,C:\Users\daisl\Documents\Tullio\PARALLEL\MISSDC_EXPERIMENTS\data\flights\MNAR\0.05\2\dirty_imputed.csv,,
HYPERIMPUTE,2026-06-10T19:57:47,ok,flights,MNAR,17,0.05,3,0.0,0.0,0.0,8483,0,,37.5533,1.174,C:\Users\daisl\Documents\Tullio\PARALLEL\MISSDC_EXPERIMENTS\data\flights\MNAR\0.05\3\clean.csv,C:\Users\daisl\Documents\Tullio\PARALLEL\MISSDC_EXPERIMENTS\data\flights\MNAR\0.05\3\dirty.csv,C:\Users\daisl\Documents\Tullio\PARALLEL\MISSDC_EXPERIMENTS\data\flights\MNAR\0.05\3\dirty_imputed.csv,,
HYPERIMPUTE,2026-06-10T19:58:26,ok,flights,MNAR,17,0.05,4,0.0,0.0,0.0,8483,0,,37.0233,1.1609,C:\Users\daisl\Documents\Tullio\PARALLEL\MISSDC_EXPERIMENTS\data\flights\MNAR\0.05\4\clean.csv,C:\Users\daisl\Documents\Tullio\PARALLEL\MISSDC_EXPERIMENTS\data\flights\MNAR\0.05\4\dirty.csv,C:\Users\daisl\Documents\Tullio\PARALLEL\MISSDC_EXPERIMENTS\data\flights\MNAR\0.05\4\dirty_imputed.csv,,
HYPERIMPUTE,2026-06-10T19:59:04,ok,flights,MNAR,17,0.05,5,0.0,0.0,0.0,8483,0,,39.7264,1.1621,C:\Users\daisl\Documents\Tullio\PARALLEL\MISSDC_EXPERIMENTS\data\flights\MNAR\0.05\5\clean.csv,C:\Users\daisl\Documents\Tullio\PARALLEL\MISSDC_EXPERIMENTS\data\flights\MNAR\0.05\5\dirty.csv,C:\Users\daisl\Documents\Tullio\PARALLEL\MISSDC_EXPERIMENTS\data\flights\MNAR\0.05\5\dirty_imputed.csv,,
HYPERIMPUTE,2026-06-10T19:59:45,ok,flights,MNAR,17,0.1,1,0.0,0.0,0.0,16983,0,,37.4629,1.3773,C:\Users\daisl\Documents\Tullio\PARALLEL\MISSDC_EXPERIMENTS\data\flights\MNAR\0.1\1\clean.csv,C:\Users\daisl\Documents\Tullio\PARALLEL\MISSDC_EXPERIMENTS\data\flights\MNAR\0.1\1\dirty.csv,C:\Users\daisl\Documents\Tullio\PARALLEL\MISSDC_EXPERIMENTS\data\flights\MNAR\0.1\1\dirty_imputed.csv,,
HYPERIMPUTE,2026-06-10T20:00:24,ok,flights,MNAR,17,0.1,2,0.0,0.0,0.0,16983,0,,36.8886,1.3714,C:\Users\daisl\Documents\Tullio\PARALLEL\MISSDC_EXPERIMENTS\data\flights\MNAR\0.1\2\clean.csv,C:\Users\daisl\Documents\Tullio\PARALLEL\MISSDC_EXPERIMENTS\data\flights\MNAR\0.1\2\dirty.csv,C:\Users\daisl\Documents\Tullio\PARALLEL\MISSDC_EXPERIMENTS\data\flights\MNAR\0.1\2\dirty_imputed.csv,,
HYPERIMPUTE,2026-06-10T20:01:02,ok,flights,MNAR,17,0.1,3,0.0,0.0,0.0,16983,0,,38.2536,1.3798,C:\Users\daisl\Documents\Tullio\PARALLEL\MISSDC_EXPERIMENTS\data\flights\MNAR\0.1\3\clean.csv,C:\Users\daisl\Documents\Tullio\PARALLEL\MISSDC_EXPERIMENTS\data\flights\MNAR\0.1\3\dirty.csv,C:\Users\daisl\Documents\Tullio\PARALLEL\MISSDC_EXPERIMENTS\data\flights\MNAR\0.1\3\dirty_imputed.csv,,
HYPERIMPUTE,2026-06-10T20:01:42,ok,flights,MNAR,17,0.1,4,0.0,0.0,0.0,16983,0,,40.0018,1.3831,C:\Users\daisl\Documents\Tullio\PARALLEL\MISSDC_EXPERIMENTS\data\flights\MNAR\0.1\4\clean.csv,C:\Users\daisl\Documents\Tullio\PARALLEL\MISSDC_EXPERIMENTS\data\flights\MNAR\0.1\4\dirty.csv,C:\Users\daisl\Documents\Tullio\PARALLEL\MISSDC_EXPERIMENTS\data\flights\MNAR\0.1\4\dirty_imputed.csv,,
HYPERIMPUTE,2026-06-10T20:02:23,ok,flights,MNAR,17,0.1,5,0.0,0.0,0.0,16983,0,,36.3516,1.3685,C:\Users\daisl\Documents\Tullio\PARALLEL\MISSDC_EXPERIMENTS\data\flights\MNAR\0.1\5\clean.csv,C:\Users\daisl\Documents\Tullio\PARALLEL\MISSDC_EXPERIMENTS\data\flights\MNAR\0.1\5\dirty.csv,C:\Users\daisl\Documents\Tullio\PARALLEL\MISSDC_EXPERIMENTS\data\flights\MNAR\0.1\5\dirty_imputed.csv,,
HYPERIMPUTE,2026-06-10T20:03:01,ok,flights,MNAR,17,0.15,1,0.0121,0.0121,0.0121,25483,0,,37.0971,1.6326,C:\Users\daisl\Documents\Tullio\PARALLEL\MISSDC_EXPERIMENTS\data\flights\MNAR\0.15\1\clean.csv,C:\Users\daisl\Documents\Tullio\PARALLEL\MISSDC_EXPERIMENTS\data\flights\MNAR\0.15\1\dirty.csv,C:\Users\daisl\Documents\Tullio\PARALLEL\MISSDC_EXPERIMENTS\data\flights\MNAR\0.15\1\dirty_imputed.csv,,
HYPERIMPUTE,2026-06-10T20:03:40,ok,flights,MNAR,17,0.15,2,0.0035,0.0035,0.0035,25483,0,,36.7763,1.6142,C:\Users\daisl\Documents\Tullio\PARALLEL\MISSDC_EXPERIMENTS\data\flights\MNAR\0.15\2\clean.csv,C:\Users\daisl\Documents\Tullio\PARALLEL\MISSDC_EXPERIMENTS\data\flights\MNAR\0.15\2\dirty.csv,C:\Users\daisl\Documents\Tullio\PARALLEL\MISSDC_EXPERIMENTS\data\flights\MNAR\0.15\2\dirty_imputed.csv,,
HYPERIMPUTE,2026-06-10T20:04:18,ok,flights,MNAR,17,0.15,3,0.0027,0.0027,0.0027,25483,0,,35.8396,1.3303,C:\Users\daisl\Documents\Tullio\PARALLEL\MISSDC_EXPERIMENTS\data\flights\MNAR\0.15\3\clean.csv,C:\Users\daisl\Documents\Tullio\PARALLEL\MISSDC_EXPERIMENTS\data\flights\MNAR\0.15\3\dirty.csv,C:\Users\daisl\Documents\Tullio\PARALLEL\MISSDC_EXPERIMENTS\data\flights\MNAR\0.15\3\dirty_imputed.csv,,
HYPERIMPUTE,2026-06-10T20:04:56,ok,flights,MNAR,17,0.15,4,0.0066,0.0066,0.0066,25483,0,,34.1491,1.4811,C:\Users\daisl\Documents\Tullio\PARALLEL\MISSDC_EXPERIMENTS\data\flights\MNAR\0.15\4\clean.csv,C:\Users\daisl\Documents\Tullio\PARALLEL\MISSDC_EXPERIMENTS\data\flights\MNAR\0.15\4\dirty.csv,C:\Users\daisl\Documents\Tullio\PARALLEL\MISSDC_EXPERIMENTS\data\flights\MNAR\0.15\4\dirty_imputed.csv,,
HYPERIMPUTE,2026-06-10T20:05:31,ok,flights,MNAR,17,0.15,5,0.0185,0.0185,0.0185,25483,0,,31.2902,1.4404,C:\Users\daisl\Documents\Tullio\PARALLEL\MISSDC_EXPERIMENTS\data\flights\MNAR\0.15\5\clean.csv,C:\Users\daisl\Documents\Tullio\PARALLEL\MISSDC_EXPERIMENTS\data\flights\MNAR\0.15\5\dirty.csv,C:\Users\daisl\Documents\Tullio\PARALLEL\MISSDC_EXPERIMENTS\data\flights\MNAR\0.15\5\dirty_imputed.csv,,
HYPERIMPUTE,2026-06-10T20:06:04,ok,flights,MNAR,17,0.2,1,0.0149,0.0149,0.0149,33983,0,,32.8031,1.5361,C:\Users\daisl\Documents\Tullio\PARALLEL\MISSDC_EXPERIMENTS\data\flights\MNAR\0.2\1\clean.csv,C:\Users\daisl\Documents\Tullio\PARALLEL\MISSDC_EXPERIMENTS\data\flights\MNAR\0.2\1\dirty.csv,C:\Users\daisl\Documents\Tullio\PARALLEL\MISSDC_EXPERIMENTS\data\flights\MNAR\0.2\1\dirty_imputed.csv,,
HYPERIMPUTE,2026-06-10T20:06:38,ok,flights,MNAR,17,0.2,2,0.0,0.0,0.0,33983,0,,31.5908,1.4615,C:\Users\daisl\Documents\Tullio\PARALLEL\MISSDC_EXPERIMENTS\data\flights\MNAR\0.2\2\clean.csv,C:\Users\daisl\Documents\Tullio\PARALLEL\MISSDC_EXPERIMENTS\data\flights\MNAR\0.2\2\dirty.csv,C:\Users\daisl\Documents\Tullio\PARALLEL\MISSDC_EXPERIMENTS\data\flights\MNAR\0.2\2\dirty_imputed.csv,,
HYPERIMPUTE,2026-06-10T20:07:11,ok,flights,MNAR,17,0.2,3,0.0157,0.0157,0.0157,33983,0,,31.1032,1.63,C:\Users\daisl\Documents\Tullio\PARALLEL\MISSDC_EXPERIMENTS\data\flights\MNAR\0.2\3\clean.csv,C:\Users\daisl\Documents\Tullio\PARALLEL\MISSDC_EXPERIMENTS\data\flights\MNAR\0.2\3\dirty.csv,C:\Users\daisl\Documents\Tullio\PARALLEL\MISSDC_EXPERIMENTS\data\flights\MNAR\0.2\3\dirty_imputed.csv,,
HYPERIMPUTE,2026-06-10T20:07:44,ok,flights,MNAR,17,0.2,4,0.0165,0.0165,0.0165,33983,0,,30.5329,1.7907,C:\Users\daisl\Documents\Tullio\PARALLEL\MISSDC_EXPERIMENTS\data\flights\MNAR\0.2\4\clean.csv,C:\Users\daisl\Documents\Tullio\PARALLEL\MISSDC_EXPERIMENTS\data\flights\MNAR\0.2\4\dirty.csv,C:\Users\daisl\Documents\Tullio\PARALLEL\MISSDC_EXPERIMENTS\data\flights\MNAR\0.2\4\dirty_imputed.csv,,
HYPERIMPUTE,2026-06-10T20:08:17,ok,flights,MNAR,17,0.2,5,0.0118,0.0118,0.0118,33983,0,,34.7528,1.6994,C:\Users\daisl\Documents\Tullio\PARALLEL\MISSDC_EXPERIMENTS\data\flights\MNAR\0.2\5\clean.csv,C:\Users\daisl\Documents\Tullio\PARALLEL\MISSDC_EXPERIMENTS\data\flights\MNAR\0.2\5\dirty.csv,C:\Users\daisl\Documents\Tullio\PARALLEL\MISSDC_EXPERIMENTS\data\flights\MNAR\0.2\5\dirty_imputed.csv,,
HYPERIMPUTE,2026-06-10T20:08:53,ok,flights,MNAR,17,0.25,1,0.0308,0.0308,0.0308,42483,0,,30.1849,2.1392,C:\Users\daisl\Documents\Tullio\PARALLEL\MISSDC_EXPERIMENTS\data\flights\MNAR\0.25\1\clean.csv,C:\Users\daisl\Documents\Tullio\PARALLEL\MISSDC_EXPERIMENTS\data\flights\MNAR\0.25\1\dirty.csv,C:\Users\daisl\Documents\Tullio\PARALLEL\MISSDC_EXPERIMENTS\data\flights\MNAR\0.25\1\dirty_imputed.csv,,
HYPERIMPUTE,2026-06-10T20:09:25,ok,flights,MNAR,17,0.25,2,0.0,0.0,0.0,42483,0,,32.6817,1.7317,C:\Users\daisl\Documents\Tullio\PARALLEL\MISSDC_EXPERIMENTS\data\flights\MNAR\0.25\2\clean.csv,C:\Users\daisl\Documents\Tullio\PARALLEL\MISSDC_EXPERIMENTS\data\flights\MNAR\0.25\2\dirty.csv,C:\Users\daisl\Documents\Tullio\PARALLEL\MISSDC_EXPERIMENTS\data\flights\MNAR\0.25\2\dirty_imputed.csv,,
HYPERIMPUTE,2026-06-10T20:10:00,ok,flights,MNAR,17,0.25,3,0.0,0.0,0.0,42483,0,,33.6012,1.8362,C:\Users\daisl\Documents\Tullio\PARALLEL\MISSDC_EXPERIMENTS\data\flights\MNAR\0.25\3\clean.csv,C:\Users\daisl\Documents\Tullio\PARALLEL\MISSDC_EXPERIMENTS\data\flights\MNAR\0.25\3\dirty.csv,C:\Users\daisl\Documents\Tullio\PARALLEL\MISSDC_EXPERIMENTS\data\flights\MNAR\0.25\3\dirty_imputed.csv,,
HYPERIMPUTE,2026-06-10T20:10:35,ok,flights,MNAR,17,0.25,4,0.0292,0.0292,0.0292,42483,0,,31.6394,2.0766,C:\Users\daisl\Documents\Tullio\PARALLEL\MISSDC_EXPERIMENTS\data\flights\MNAR\0.25\4\clean.csv,C:\Users\daisl\Documents\Tullio\PARALLEL\MISSDC_EXPERIMENTS\data\flights\MNAR\0.25\4\dirty.csv,C:\Users\daisl\Documents\Tullio\PARALLEL\MISSDC_EXPERIMENTS\data\flights\MNAR\0.25\4\dirty_imputed.csv,,
HYPERIMPUTE,2026-06-10T20:11:09,ok,flights,MNAR,17,0.25,5,0.0024,0.0024,0.0024,42483,0,,34.136,2.0971,C:\Users\daisl\Documents\Tullio\PARALLEL\MISSDC_EXPERIMENTS\data\flights\MNAR\0.25\5\clean.csv,C:\Users\daisl\Documents\Tullio\PARALLEL\MISSDC_EXPERIMENTS\data\flights\MNAR\0.25\5\dirty.csv,C:\Users\daisl\Documents\Tullio\PARALLEL\MISSDC_EXPERIMENTS\data\flights\MNAR\0.25\5\dirty_imputed.csv,,
HYPERIMPUTE,2026-06-10T20:11:45,ok,flights,MNAR,17,0.3,1,0.0026,0.0026,0.0026,50983,0,,33.5667,2.3072,C:\Users\daisl\Documents\Tullio\PARALLEL\MISSDC_EXPERIMENTS\data\flights\MNAR\0.3\1\clean.csv,C:\Users\daisl\Documents\Tullio\PARALLEL\MISSDC_EXPERIMENTS\data\flights\MNAR\0.3\1\dirty.csv,C:\Users\daisl\Documents\Tullio\PARALLEL\MISSDC_EXPERIMENTS\data\flights\MNAR\0.3\1\dirty_imputed.csv,,
HYPERIMPUTE,2026-06-10T20:12:21,ok,flights,MNAR,17,0.3,2,0.0035,0.0035,0.0035,50983,0,,33.9818,2.3212,C:\Users\daisl\Documents\Tullio\PARALLEL\MISSDC_EXPERIMENTS\data\flights\MNAR\0.3\2\clean.csv,C:\Users\daisl\Documents\Tullio\PARALLEL\MISSDC_EXPERIMENTS\data\flights\MNAR\0.3\2\dirty.csv,C:\Users\daisl\Documents\Tullio\PARALLEL\MISSDC_EXPERIMENTS\data\flights\MNAR\0.3\2\dirty_imputed.csv,,
HYPERIMPUTE,2026-06-10T20:12:58,ok,flights,MNAR,17,0.3,3,0.0021,0.0021,0.0021,50983,0,,36.902,2.303,C:\Users\daisl\Documents\Tullio\PARALLEL\MISSDC_EXPERIMENTS\data\flights\MNAR\0.3\3\clean.csv,C:\Users\daisl\Documents\Tullio\PARALLEL\MISSDC_EXPERIMENTS\data\flights\MNAR\0.3\3\dirty.csv,C:\Users\daisl\Documents\Tullio\PARALLEL\MISSDC_EXPERIMENTS\data\flights\MNAR\0.3\3\dirty_imputed.csv,,
HYPERIMPUTE,2026-06-10T20:13:37,ok,flights,MNAR,17,0.3,4,0.0013,0.0013,0.0013,50983,0,,34.3191,2.3426,C:\Users\daisl\Documents\Tullio\PARALLEL\MISSDC_EXPERIMENTS\data\flights\MNAR\0.3\4\clean.csv,C:\Users\daisl\Documents\Tullio\PARALLEL\MISSDC_EXPERIMENTS\data\flights\MNAR\0.3\4\dirty.csv,C:\Users\daisl\Documents\Tullio\PARALLEL\MISSDC_EXPERIMENTS\data\flights\MNAR\0.3\4\dirty_imputed.csv,,
HYPERIMPUTE,2026-06-10T20:14:14,ok,flights,MNAR,17,0.3,5,0.0,0.0,0.0,50983,0,,36.6414,2.3133,C:\Users\daisl\Documents\Tullio\PARALLEL\MISSDC_EXPERIMENTS\data\flights\MNAR\0.3\5\clean.csv,C:\Users\daisl\Documents\Tullio\PARALLEL\MISSDC_EXPERIMENTS\data\flights\MNAR\0.3\5\dirty.csv,C:\Users\daisl\Documents\Tullio\PARALLEL\MISSDC_EXPERIMENTS\data\flights\MNAR\0.3\5\dirty_imputed.csv,,
HYPERIMPUTE,2026-06-10T20:14:53,ok,hospital,MAR,15,0.01,1,0.1634,0.1634,0.1634,1365,0,,556.5512,1.1608,C:\Users\daisl\Documents\Tullio\PARALLEL\MISSDC_EXPERIMENTS\data\hospital\MAR\0.01\1\clean.csv,C:\Users\daisl\Documents\Tullio\PARALLEL\MISSDC_EXPERIMENTS\data\hospital\MAR\0.01\1\dirty.csv,C:\Users\daisl\Documents\Tullio\PARALLEL\MISSDC_EXPERIMENTS\data\hospital\MAR\0.01\1\dirty_imputed.csv,,
HYPERIMPUTE,2026-06-10T20:24:10,ok,hospital,MAR,15,0.01,2,0.1289,0.1289,0.1289,1365,0,,340.3307,1.0268,C:\Users\daisl\Documents\Tullio\PARALLEL\MISSDC_EXPERIMENTS\data\hospital\MAR\0.01\2\clean.csv,C:\Users\daisl\Documents\Tullio\PARALLEL\MISSDC_EXPERIMENTS\data\hospital\MAR\0.01\2\dirty.csv,C:\Users\daisl\Documents\Tullio\PARALLEL\MISSDC_EXPERIMENTS\data\hospital\MAR\0.01\2\dirty_imputed.csv,,
HYPERIMPUTE,2026-06-10T20:29:52,ok,hospital,MAR,15,0.01,3,0.1245,0.1245,0.1245,1365,0,,352.0185,1.0907,C:\Users\daisl\Documents\Tullio\PARALLEL\MISSDC_EXPERIMENTS\data\hospital\MAR\0.01\3\clean.csv,C:\Users\daisl\Documents\Tullio\PARALLEL\MISSDC_EXPERIMENTS\data\hospital\MAR\0.01\3\dirty.csv,C:\Users\daisl\Documents\Tullio\PARALLEL\MISSDC_EXPERIMENTS\data\hospital\MAR\0.01\3\dirty_imputed.csv,,
HYPERIMPUTE,2026-06-10T20:35:45,ok,hospital,MAR,15,0.01,4,0.0711,0.0711,0.0711,1365,0,,392.4932,1.0753,C:\Users\daisl\Documents\Tullio\PARALLEL\MISSDC_EXPERIMENTS\data\hospital\MAR\0.01\4\clean.csv,C:\Users\daisl\Documents\Tullio\PARALLEL\MISSDC_EXPERIMENTS\data\hospital\MAR\0.01\4\dirty.csv,C:\Users\daisl\Documents\Tullio\PARALLEL\MISSDC_EXPERIMENTS\data\hospital\MAR\0.01\4\dirty_imputed.csv,,
HYPERIMPUTE,2026-06-10T20:42:18,ok,hospital,MAR,15,0.01,5,0.1048,0.1048,0.1048,1365,0,,429.3428,1.1204,C:\Users\daisl\Documents\Tullio\PARALLEL\MISSDC_EXPERIMENTS\data\hospital\MAR\0.01\5\clean.csv,C:\Users\daisl\Documents\Tullio\PARALLEL\MISSDC_EXPERIMENTS\data\hospital\MAR\0.01\5\dirty.csv,C:\Users\daisl\Documents\Tullio\PARALLEL\MISSDC_EXPERIMENTS\data\hospital\MAR\0.01\5\dirty_imputed.csv,,
HYPERIMPUTE,2026-06-10T20:49:29,ok,hospital,MAR,15,0.05,1,0.104,0.104,0.104,6855,0,,326.9087,0.981,C:\Users\daisl\Documents\Tullio\PARALLEL\MISSDC_EXPERIMENTS\data\hospital\MAR\0.05\1\clean.csv,C:\Users\daisl\Documents\Tullio\PARALLEL\MISSDC_EXPERIMENTS\data\hospital\MAR\0.05\1\dirty.csv,C:\Users\daisl\Documents\Tullio\PARALLEL\MISSDC_EXPERIMENTS\data\hospital\MAR\0.05\1\dirty_imputed.csv,,
HYPERIMPUTE,2026-06-10T20:54:57,ok,hospital,MAR,15,0.05,2,0.1221,0.1221,0.1221,6855,0,,350.3997,0.9436,C:\Users\daisl\Documents\Tullio\PARALLEL\MISSDC_EXPERIMENTS\data\hospital\MAR\0.05\2\clean.csv,C:\Users\daisl\Documents\Tullio\PARALLEL\MISSDC_EXPERIMENTS\data\hospital\MAR\0.05\2\dirty.csv,C:\Users\daisl\Documents\Tullio\PARALLEL\MISSDC_EXPERIMENTS\data\hospital\MAR\0.05\2\dirty_imputed.csv,,
HYPERIMPUTE,2026-06-10T21:00:48,ok,hospital,MAR,15,0.05,3,0.0773,0.0773,0.0773,6855,0,,553.9571,1.1814,C:\Users\daisl\Documents\Tullio\PARALLEL\MISSDC_EXPERIMENTS\data\hospital\MAR\0.05\3\clean.csv,C:\Users\daisl\Documents\Tullio\PARALLEL\MISSDC_EXPERIMENTS\data\hospital\MAR\0.05\3\dirty.csv,C:\Users\daisl\Documents\Tullio\PARALLEL\MISSDC_EXPERIMENTS\data\hospital\MAR\0.05\3\dirty_imputed.csv,,
HYPERIMPUTE,2026-06-10T21:10:03,ok,hospital,MAR,15,0.05,4,0.1088,0.1088,0.1088,6855,0,,439.6001,1.2296,C:\Users\daisl\Documents\Tullio\PARALLEL\MISSDC_EXPERIMENTS\data\hospital\MAR\0.05\4\clean.csv,C:\Users\daisl\Documents\Tullio\PARALLEL\MISSDC_EXPERIMENTS\data\hospital\MAR\0.05\4\dirty.csv,C:\Users\daisl\Documents\Tullio\PARALLEL\MISSDC_EXPERIMENTS\data\hospital\MAR\0.05\4\dirty_imputed.csv,,
HYPERIMPUTE,2026-06-10T21:17:24,ok,hospital,MAR,15,0.05,5,0.1059,0.1059,0.1059,6855,0,,292.1146,1.1799,C:\Users\daisl\Documents\Tullio\PARALLEL\MISSDC_EXPERIMENTS\data\hospital\MAR\0.05\5\clean.csv,C:\Users\daisl\Documents\Tullio\PARALLEL\MISSDC_EXPERIMENTS\data\hospital\MAR\0.05\5\dirty.csv,C:\Users\daisl\Documents\Tullio\PARALLEL\MISSDC_EXPERIMENTS\data\hospital\MAR\0.05\5\dirty_imputed.csv,,
HYPERIMPUTE,2026-06-10T21:22:18,ok,hospital,MAR,15,0.1,1,0.1596,0.1596,0.1596,13725,0,,347.4322,1.3665,C:\Users\daisl\Documents\Tullio\PARALLEL\MISSDC_EXPERIMENTS\data\hospital\MAR\0.1\1\clean.csv,C:\Users\daisl\Documents\Tullio\PARALLEL\MISSDC_EXPERIMENTS\data\hospital\MAR\0.1\1\dirty.csv,C:\Users\daisl\Documents\Tullio\PARALLEL\MISSDC_EXPERIMENTS\data\hospital\MAR\0.1\1\dirty_imputed.csv,,
HYPERIMPUTE,2026-06-10T21:28:07,ok,hospital,MAR,15,0.1,2,0.1032,0.1032,0.1032,13725,0,,458.4206,1.5536,C:\Users\daisl\Documents\Tullio\PARALLEL\MISSDC_EXPERIMENTS\data\hospital\MAR\0.1\2\clean.csv,C:\Users\daisl\Documents\Tullio\PARALLEL\MISSDC_EXPERIMENTS\data\hospital\MAR\0.1\2\dirty.csv,C:\Users\daisl\Documents\Tullio\PARALLEL\MISSDC_EXPERIMENTS\data\hospital\MAR\0.1\2\dirty_imputed.csv,,
HYPERIMPUTE,2026-06-10T21:35:47,ok,hospital,MAR,15,0.1,3,0.1481,0.1481,0.1481,13725,0,,379.3622,1.3766,C:\Users\daisl\Documents\Tullio\PARALLEL\MISSDC_EXPERIMENTS\data\hospital\MAR\0.1\3\clean.csv,C:\Users\daisl\Documents\Tullio\PARALLEL\MISSDC_EXPERIMENTS\data\hospital\MAR\0.1\3\dirty.csv,C:\Users\daisl\Documents\Tullio\PARALLEL\MISSDC_EXPERIMENTS\data\hospital\MAR\0.1\3\dirty_imputed.csv,,
HYPERIMPUTE,2026-06-10T21:42:07,ok,hospital,MAR,15,0.1,4,0.1738,0.1738,0.1738,13725,0,,349.9688,1.1238,C:\Users\daisl\Documents\Tullio\PARALLEL\MISSDC_EXPERIMENTS\data\hospital\MAR\0.1\4\clean.csv,C:\Users\daisl\Documents\Tullio\PARALLEL\MISSDC_EXPERIMENTS\data\hospital\MAR\0.1\4\dirty.csv,C:\Users\daisl\Documents\Tullio\PARALLEL\MISSDC_EXPERIMENTS\data\hospital\MAR\0.1\4\dirty_imputed.csv,,
HYPERIMPUTE,2026-06-10T21:47:58,ok,hospital,MAR,15,0.1,5,0.1162,0.1162,0.1162,13725,0,,318.3797,1.2486,C:\Users\daisl\Documents\Tullio\PARALLEL\MISSDC_EXPERIMENTS\data\hospital\MAR\0.1\5\clean.csv,C:\Users\daisl\Documents\Tullio\PARALLEL\MISSDC_EXPERIMENTS\data\hospital\MAR\0.1\5\dirty.csv,C:\Users\daisl\Documents\Tullio\PARALLEL\MISSDC_EXPERIMENTS\data\hospital\MAR\0.1\5\dirty_imputed.csv,,
HYPERIMPUTE,2026-06-10T21:53:18,ok,hospital,MAR,15,0.15,1,0.1219,0.1219,0.1219,20580,0,,355.4171,1.5334,C:\Users\daisl\Documents\Tullio\PARALLEL\MISSDC_EXPERIMENTS\data\hospital\MAR\0.15\1\clean.csv,C:\Users\daisl\Documents\Tullio\PARALLEL\MISSDC_EXPERIMENTS\data\hospital\MAR\0.15\1\dirty.csv,C:\Users\daisl\Documents\Tullio\PARALLEL\MISSDC_EXPERIMENTS\data\hospital\MAR\0.15\1\dirty_imputed.csv,,
HYPERIMPUTE,2026-06-10T21:59:15,ok,hospital,MAR,15,0.15,2,0.0967,0.0967,0.0967,20580,0,,470.5357,1.5185,C:\Users\daisl\Documents\Tullio\PARALLEL\MISSDC_EXPERIMENTS\data\hospital\MAR\0.15\2\clean.csv,C:\Users\daisl\Documents\Tullio\PARALLEL\MISSDC_EXPERIMENTS\data\hospital\MAR\0.15\2\dirty.csv,C:\Users\daisl\Documents\Tullio\PARALLEL\MISSDC_EXPERIMENTS\data\hospital\MAR\0.15\2\dirty_imputed.csv,,
HYPERIMPUTE,2026-06-10T22:07:07,ok,hospital,MAR,15,0.15,3,0.1001,0.1001,0.1001,20580,0,,654.9851,1.5412,C:\Users\daisl\Documents\Tullio\PARALLEL\MISSDC_EXPERIMENTS\data\hospital\MAR\0.15\3\clean.csv,C:\Users\daisl\Documents\Tullio\PARALLEL\MISSDC_EXPERIMENTS\data\hospital\MAR\0.15\3\dirty.csv,C:\Users\daisl\Documents\Tullio\PARALLEL\MISSDC_EXPERIMENTS\data\hospital\MAR\0.15\3\dirty_imputed.csv,,
HYPERIMPUTE,2026-06-10T22:18:04,ok,hospital,MAR,15,0.15,4,0.1517,0.1517,0.1517,20580,0,,515.1151,1.5459,C:\Users\daisl\Documents\Tullio\PARALLEL\MISSDC_EXPERIMENTS\data\hospital\MAR\0.15\4\clean.csv,C:\Users\daisl\Documents\Tullio\PARALLEL\MISSDC_EXPERIMENTS\data\hospital\MAR\0.15\4\dirty.csv,C:\Users\daisl\Documents\Tullio\PARALLEL\MISSDC_EXPERIMENTS\data\hospital\MAR\0.15\4\dirty_imputed.csv,,
HYPERIMPUTE,2026-06-10T22:26:41,ok,hospital,MAR,15,0.15,5,0.1142,0.1142,0.1142,20580,0,,388.2981,1.6147,C:\Users\daisl\Documents\Tullio\PARALLEL\MISSDC_EXPERIMENTS\data\hospital\MAR\0.15\5\clean.csv,C:\Users\daisl\Documents\Tullio\PARALLEL\MISSDC_EXPERIMENTS\data\hospital\MAR\0.15\5\dirty.csv,C:\Users\daisl\Documents\Tullio\PARALLEL\MISSDC_EXPERIMENTS\data\hospital\MAR\0.15\5\dirty_imputed.csv,,
HYPERIMPUTE,2026-06-10T22:33:11,ok,hospital,MAR,15,0.2,1,0.0945,0.0945,0.0945,27450,0,,549.8414,1.4284,C:\Users\daisl\Documents\Tullio\PARALLEL\MISSDC_EXPERIMENTS\data\hospital\MAR\0.2\1\clean.csv,C:\Users\daisl\Documents\Tullio\PARALLEL\MISSDC_EXPERIMENTS\data\hospital\MAR\0.2\1\dirty.csv,C:\Users\daisl\Documents\Tullio\PARALLEL\MISSDC_EXPERIMENTS\data\hospital\MAR\0.2\1\dirty_imputed.csv,,
HYPERIMPUTE,2026-06-10T22:42:22,ok,hospital,MAR,15,0.2,2,0.1165,0.1165,0.1165,27450,0,,436.0264,1.5522,C:\Users\daisl\Documents\Tullio\PARALLEL\MISSDC_EXPERIMENTS\data\hospital\MAR\0.2\2\clean.csv,C:\Users\daisl\Documents\Tullio\PARALLEL\MISSDC_EXPERIMENTS\data\hospital\MAR\0.2\2\dirty.csv,C:\Users\daisl\Documents\Tullio\PARALLEL\MISSDC_EXPERIMENTS\data\hospital\MAR\0.2\2\dirty_imputed.csv,,
HYPERIMPUTE,2026-06-10T22:49:39,ok,hospital,MAR,15,0.2,3,0.1212,0.1212,0.1212,27450,0,,418.2349,1.7083,C:\Users\daisl\Documents\Tullio\PARALLEL\MISSDC_EXPERIMENTS\data\hospital\MAR\0.2\3\clean.csv,C:\Users\daisl\Documents\Tullio\PARALLEL\MISSDC_EXPERIMENTS\data\hospital\MAR\0.2\3\dirty.csv,C:\Users\daisl\Documents\Tullio\PARALLEL\MISSDC_EXPERIMENTS\data\hospital\MAR\0.2\3\dirty_imputed.csv,,
HYPERIMPUTE,2026-06-10T22:56:39,ok,hospital,MAR,15,0.2,4,0.1291,0.1291,0.1291,27450,0,,521.8383,1.7294,C:\Users\daisl\Documents\Tullio\PARALLEL\MISSDC_EXPERIMENTS\data\hospital\MAR\0.2\4\clean.csv,C:\Users\daisl\Documents\Tullio\PARALLEL\MISSDC_EXPERIMENTS\data\hospital\MAR\0.2\4\dirty.csv,C:\Users\daisl\Documents\Tullio\PARALLEL\MISSDC_EXPERIMENTS\data\hospital\MAR\0.2\4\dirty_imputed.csv,,
HYPERIMPUTE,2026-06-10T23:05:23,ok,hospital,MAR,15,0.2,5,0.1083,0.1083,0.1083,27450,0,,683.439,1.7112,C:\Users\daisl\Documents\Tullio\PARALLEL\MISSDC_EXPERIMENTS\data\hospital\MAR\0.2\5\clean.csv,C:\Users\daisl\Documents\Tullio\PARALLEL\MISSDC_EXPERIMENTS\data\hospital\MAR\0.2\5\dirty.csv,C:\Users\daisl\Documents\Tullio\PARALLEL\MISSDC_EXPERIMENTS\data\hospital\MAR\0.2\5\dirty_imputed.csv,,
HYPERIMPUTE,2026-06-10T23:16:48,ok,hospital,MAR,15,0.25,1,0.1188,0.1188,0.1188,34305,0,,471.443,1.9162,C:\Users\daisl\Documents\Tullio\PARALLEL\MISSDC_EXPERIMENTS\data\hospital\MAR\0.25\1\clean.csv,C:\Users\daisl\Documents\Tullio\PARALLEL\MISSDC_EXPERIMENTS\data\hospital\MAR\0.25\1\dirty.csv,C:\Users\daisl\Documents\Tullio\PARALLEL\MISSDC_EXPERIMENTS\data\hospital\MAR\0.25\1\dirty_imputed.csv,,
HYPERIMPUTE,2026-06-10T23:24:42,ok,hospital,MAR,15,0.25,2,0.1282,0.1282,0.1282,34305,0,,380.6549,1.971,C:\Users\daisl\Documents\Tullio\PARALLEL\MISSDC_EXPERIMENTS\data\hospital\MAR\0.25\2\clean.csv,C:\Users\daisl\Documents\Tullio\PARALLEL\MISSDC_EXPERIMENTS\data\hospital\MAR\0.25\2\dirty.csv,C:\Users\daisl\Documents\Tullio\PARALLEL\MISSDC_EXPERIMENTS\data\hospital\MAR\0.25\2\dirty_imputed.csv,,
HYPERIMPUTE,2026-06-10T23:31:04,ok,hospital,MAR,15,0.25,3,0.1186,0.1186,0.1186,34305,0,,427.0614,1.6437,C:\Users\daisl\Documents\Tullio\PARALLEL\MISSDC_EXPERIMENTS\data\hospital\MAR\0.25\3\clean.csv,C:\Users\daisl\Documents\Tullio\PARALLEL\MISSDC_EXPERIMENTS\data\hospital\MAR\0.25\3\dirty.csv,C:\Users\daisl\Documents\Tullio\PARALLEL\MISSDC_EXPERIMENTS\data\hospital\MAR\0.25\3\dirty_imputed.csv,,
HYPERIMPUTE,2026-06-10T23:38:13,ok,hospital,MAR,15,0.25,4,0.1144,0.1144,0.1144,34305,0,,317.7396,1.6636,C:\Users\daisl\Documents\Tullio\PARALLEL\MISSDC_EXPERIMENTS\data\hospital\MAR\0.25\4\clean.csv,C:\Users\daisl\Documents\Tullio\PARALLEL\MISSDC_EXPERIMENTS\data\hospital\MAR\0.25\4\dirty.csv,C:\Users\daisl\Documents\Tullio\PARALLEL\MISSDC_EXPERIMENTS\data\hospital\MAR\0.25\4\dirty_imputed.csv,,
HYPERIMPUTE,2026-06-10T23:43:33,ok,hospital,MAR,15,0.25,5,0.1177,0.1177,0.1177,34305,0,,520.4814,1.8878,C:\Users\daisl\Documents\Tullio\PARALLEL\MISSDC_EXPERIMENTS\data\hospital\MAR\0.25\5\clean.csv,C:\Users\daisl\Documents\Tullio\PARALLEL\MISSDC_EXPERIMENTS\data\hospital\MAR\0.25\5\dirty.csv,C:\Users\daisl\Documents\Tullio\PARALLEL\MISSDC_EXPERIMENTS\data\hospital\MAR\0.25\5\dirty_imputed.csv,,
HYPERIMPUTE,2026-06-10T23:52:15,ok,hospital,MAR,15,0.3,1,0.1119,0.1119,0.1119,41175,0,,365.3678,2.1393,C:\Users\daisl\Documents\Tullio\PARALLEL\MISSDC_EXPERIMENTS\data\hospital\MAR\0.3\1\clean.csv,C:\Users\daisl\Documents\Tullio\PARALLEL\MISSDC_EXPERIMENTS\data\hospital\MAR\0.3\1\dirty.csv,C:\Users\daisl\Documents\Tullio\PARALLEL\MISSDC_EXPERIMENTS\data\hospital\MAR\0.3\1\dirty_imputed.csv,,
HYPERIMPUTE,2026-06-10T23:58:23,ok,hospital,MAR,15,0.3,2,0.1423,0.1423,0.1423,41175,0,,575.8969,2.3318,C:\Users\daisl\Documents\Tullio\PARALLEL\MISSDC_EXPERIMENTS\data\hospital\MAR\0.3\2\clean.csv,C:\Users\daisl\Documents\Tullio\PARALLEL\MISSDC_EXPERIMENTS\data\hospital\MAR\0.3\2\dirty.csv,C:\Users\daisl\Documents\Tullio\PARALLEL\MISSDC_EXPERIMENTS\data\hospital\MAR\0.3\2\dirty_imputed.csv,,
HYPERIMPUTE,2026-06-11T00:08:01,ok,hospital,MAR,15,0.3,3,0.1028,0.1028,0.1028,41175,0,,266.1251,2.0541,C:\Users\daisl\Documents\Tullio\PARALLEL\MISSDC_EXPERIMENTS\data\hospital\MAR\0.3\3\clean.csv,C:\Users\daisl\Documents\Tullio\PARALLEL\MISSDC_EXPERIMENTS\data\hospital\MAR\0.3\3\dirty.csv,C:\Users\daisl\Documents\Tullio\PARALLEL\MISSDC_EXPERIMENTS\data\hospital\MAR\0.3\3\dirty_imputed.csv,,
HYPERIMPUTE,2026-06-11T00:12:29,ok,hospital,MAR,15,0.3,4,0.1121,0.1121,0.1121,41175,0,,679.9326,2.2327,C:\Users\daisl\Documents\Tullio\PARALLEL\MISSDC_EXPERIMENTS\data\hospital\MAR\0.3\4\clean.csv,C:\Users\daisl\Documents\Tullio\PARALLEL\MISSDC_EXPERIMENTS\data\hospital\MAR\0.3\4\dirty.csv,C:\Users\daisl\Documents\Tullio\PARALLEL\MISSDC_EXPERIMENTS\data\hospital\MAR\0.3\4\dirty_imputed.csv,,
HYPERIMPUTE,2026-06-11T00:23:51,ok,hospital,MAR,15,0.3,5,0.1258,0.1258,0.1258,41175,0,,311.7631,2.1206,C:\Users\daisl\Documents\Tullio\PARALLEL\MISSDC_EXPERIMENTS\data\hospital\MAR\0.3\5\clean.csv,C:\Users\daisl\Documents\Tullio\PARALLEL\MISSDC_EXPERIMENTS\data\hospital\MAR\0.3\5\dirty.csv,C:\Users\daisl\Documents\Tullio\PARALLEL\MISSDC_EXPERIMENTS\data\hospital\MAR\0.3\5\dirty_imputed.csv,,
HYPERIMPUTE,2026-06-11T00:29:05,ok,hospital,MCAR,15,0.01,1,0.1194,0.1194,0.1194,1365,0,,335.6353,0.8916,C:\Users\daisl\Documents\Tullio\PARALLEL\MISSDC_EXPERIMENTS\data\hospital\MCAR\0.01\1\clean.csv,C:\Users\daisl\Documents\Tullio\PARALLEL\MISSDC_EXPERIMENTS\data\hospital\MCAR\0.01\1\dirty.csv,C:\Users\daisl\Documents\Tullio\PARALLEL\MISSDC_EXPERIMENTS\data\hospital\MCAR\0.01\1\dirty_imputed.csv,,
HYPERIMPUTE,2026-06-11T00:34:42,ok,hospital,MCAR,15,0.01,2,0.1179,0.1179,0.1179,1365,0,,505.9666,1.0097,C:\Users\daisl\Documents\Tullio\PARALLEL\MISSDC_EXPERIMENTS\data\hospital\MCAR\0.01\2\clean.csv,C:\Users\daisl\Documents\Tullio\PARALLEL\MISSDC_EXPERIMENTS\data\hospital\MCAR\0.01\2\dirty.csv,C:\Users\daisl\Documents\Tullio\PARALLEL\MISSDC_EXPERIMENTS\data\hospital\MCAR\0.01\2\dirty_imputed.csv,,
HYPERIMPUTE,2026-06-11T00:43:09,ok,hospital,MCAR,15,0.01,3,0.1238,0.1238,0.1238,1365,0,,300.2408,1.0963,C:\Users\daisl\Documents\Tullio\PARALLEL\MISSDC_EXPERIMENTS\data\hospital\MCAR\0.01\3\clean.csv,C:\Users\daisl\Documents\Tullio\PARALLEL\MISSDC_EXPERIMENTS\data\hospital\MCAR\0.01\3\dirty.csv,C:\Users\daisl\Documents\Tullio\PARALLEL\MISSDC_EXPERIMENTS\data\hospital\MCAR\0.01\3\dirty_imputed.csv,,
HYPERIMPUTE,2026-06-11T00:48:10,ok,hospital,MCAR,15,0.01,4,0.1267,0.1267,0.1267,1365,0,,395.3137,1.1519,C:\Users\daisl\Documents\Tullio\PARALLEL\MISSDC_EXPERIMENTS\data\hospital\MCAR\0.01\4\clean.csv,C:\Users\daisl\Documents\Tullio\PARALLEL\MISSDC_EXPERIMENTS\data\hospital\MCAR\0.01\4\dirty.csv,C:\Users\daisl\Documents\Tullio\PARALLEL\MISSDC_EXPERIMENTS\data\hospital\MCAR\0.01\4\dirty_imputed.csv,,
HYPERIMPUTE,2026-06-11T00:54:47,ok,hospital,MCAR,15,0.01,5,0.1179,0.1179,0.1179,1365,0,,393.5785,1.1099,C:\Users\daisl\Documents\Tullio\PARALLEL\MISSDC_EXPERIMENTS\data\hospital\MCAR\0.01\5\clean.csv,C:\Users\daisl\Documents\Tullio\PARALLEL\MISSDC_EXPERIMENTS\data\hospital\MCAR\0.01\5\dirty.csv,C:\Users\daisl\Documents\Tullio\PARALLEL\MISSDC_EXPERIMENTS\data\hospital\MCAR\0.01\5\dirty_imputed.csv,,
HYPERIMPUTE,2026-06-11T01:01:21,ok,hospital,MCAR,15,0.05,1,0.1166,0.1166,0.1166,6855,0,,529.7826,1.2419,C:\Users\daisl\Documents\Tullio\PARALLEL\MISSDC_EXPERIMENTS\data\hospital\MCAR\0.05\1\clean.csv,C:\Users\daisl\Documents\Tullio\PARALLEL\MISSDC_EXPERIMENTS\data\hospital\MCAR\0.05\1\dirty.csv,C:\Users\daisl\Documents\Tullio\PARALLEL\MISSDC_EXPERIMENTS\data\hospital\MCAR\0.05\1\dirty_imputed.csv,,
HYPERIMPUTE,2026-06-11T01:10:12,ok,hospital,MCAR,15,0.05,2,0.1168,0.1168,0.1168,6855,0,,556.7689,1.2638,C:\Users\daisl\Documents\Tullio\PARALLEL\MISSDC_EXPERIMENTS\data\hospital\MCAR\0.05\2\clean.csv,C:\Users\daisl\Documents\Tullio\PARALLEL\MISSDC_EXPERIMENTS\data\hospital\MCAR\0.05\2\dirty.csv,C:\Users\daisl\Documents\Tullio\PARALLEL\MISSDC_EXPERIMENTS\data\hospital\MCAR\0.05\2\dirty_imputed.csv,,
HYPERIMPUTE,2026-06-11T01:19:31,ok,hospital,MCAR,15,0.05,3,0.1228,0.1228,0.1228,6855,0,,309.2691,1.2299,C:\Users\daisl\Documents\Tullio\PARALLEL\MISSDC_EXPERIMENTS\data\hospital\MCAR\0.05\3\clean.csv,C:\Users\daisl\Documents\Tullio\PARALLEL\MISSDC_EXPERIMENTS\data\hospital\MCAR\0.05\3\dirty.csv,C:\Users\daisl\Documents\Tullio\PARALLEL\MISSDC_EXPERIMENTS\data\hospital\MCAR\0.05\3\dirty_imputed.csv,,
HYPERIMPUTE,2026-06-11T01:24:41,ok,hospital,MCAR,15,0.05,4,0.1233,0.1233,0.1233,6855,0,,625.1779,0.9881,C:\Users\daisl\Documents\Tullio\PARALLEL\MISSDC_EXPERIMENTS\data\hospital\MCAR\0.05\4\clean.csv,C:\Users\daisl\Documents\Tullio\PARALLEL\MISSDC_EXPERIMENTS\data\hospital\MCAR\0.05\4\dirty.csv,C:\Users\daisl\Documents\Tullio\PARALLEL\MISSDC_EXPERIMENTS\data\hospital\MCAR\0.05\4\dirty_imputed.csv,,
HYPERIMPUTE,2026-06-11T01:35:07,ok,hospital,MCAR,15,0.05,5,0.1168,0.1168,0.1168,6855,0,,597.0108,1.2141,C:\Users\daisl\Documents\Tullio\PARALLEL\MISSDC_EXPERIMENTS\data\hospital\MCAR\0.05\5\clean.csv,C:\Users\daisl\Documents\Tullio\PARALLEL\MISSDC_EXPERIMENTS\data\hospital\MCAR\0.05\5\dirty.csv,C:\Users\daisl\Documents\Tullio\PARALLEL\MISSDC_EXPERIMENTS\data\hospital\MCAR\0.05\5\dirty_imputed.csv,,
HYPERIMPUTE,2026-06-11T01:45:06,ok,hospital,MCAR,15,0.1,1,0.1215,0.1215,0.1215,13725,0,,380.293,1.3937,C:\Users\daisl\Documents\Tullio\PARALLEL\MISSDC_EXPERIMENTS\data\hospital\MCAR\0.1\1\clean.csv,C:\Users\daisl\Documents\Tullio\PARALLEL\MISSDC_EXPERIMENTS\data\hospital\MCAR\0.1\1\dirty.csv,C:\Users\daisl\Documents\Tullio\PARALLEL\MISSDC_EXPERIMENTS\data\hospital\MCAR\0.1\1\dirty_imputed.csv,,
HYPERIMPUTE,2026-06-11T01:51:27,ok,hospital,MCAR,15,0.1,2,0.1202,0.1202,0.1202,13725,0,,461.6619,1.3914,C:\Users\daisl\Documents\Tullio\PARALLEL\MISSDC_EXPERIMENTS\data\hospital\MCAR\0.1\2\clean.csv,C:\Users\daisl\Documents\Tullio\PARALLEL\MISSDC_EXPERIMENTS\data\hospital\MCAR\0.1\2\dirty.csv,C:\Users\daisl\Documents\Tullio\PARALLEL\MISSDC_EXPERIMENTS\data\hospital\MCAR\0.1\2\dirty_imputed.csv,,
HYPERIMPUTE,2026-06-11T01:59:10,ok,hospital,MCAR,15,0.1,3,0.1223,0.1223,0.1223,13725,0,,394.3668,1.5677,C:\Users\daisl\Documents\Tullio\PARALLEL\MISSDC_EXPERIMENTS\data\hospital\MCAR\0.1\3\clean.csv,C:\Users\daisl\Documents\Tullio\PARALLEL\MISSDC_EXPERIMENTS\data\hospital\MCAR\0.1\3\dirty.csv,C:\Users\daisl\Documents\Tullio\PARALLEL\MISSDC_EXPERIMENTS\data\hospital\MCAR\0.1\3\dirty_imputed.csv,,
HYPERIMPUTE,2026-06-11T02:05:46,ok,hospital,MCAR,15,0.1,4,0.1209,0.1209,0.1209,13725,0,,523.1983,1.4526,C:\Users\daisl\Documents\Tullio\PARALLEL\MISSDC_EXPERIMENTS\data\hospital\MCAR\0.1\4\clean.csv,C:\Users\daisl\Documents\Tullio\PARALLEL\MISSDC_EXPERIMENTS\data\hospital\MCAR\0.1\4\dirty.csv,C:\Users\daisl\Documents\Tullio\PARALLEL\MISSDC_EXPERIMENTS\data\hospital\MCAR\0.1\4\dirty_imputed.csv,,
HYPERIMPUTE,2026-06-11T02:14:31,ok,hospital,MCAR,15,0.1,5,0.1207,0.1207,0.1207,13725,0,,582.8197,1.3969,C:\Users\daisl\Documents\Tullio\PARALLEL\MISSDC_EXPERIMENTS\data\hospital\MCAR\0.1\5\clean.csv,C:\Users\daisl\Documents\Tullio\PARALLEL\MISSDC_EXPERIMENTS\data\hospital\MCAR\0.1\5\dirty.csv,C:\Users\daisl\Documents\Tullio\PARALLEL\MISSDC_EXPERIMENTS\data\hospital\MCAR\0.1\5\dirty_imputed.csv,,
HYPERIMPUTE,2026-06-11T02:24:15,ok,hospital,MCAR,15,0.15,1,0.1198,0.1198,0.1198,20580,0,,382.7773,1.2732,C:\Users\daisl\Documents\Tullio\PARALLEL\MISSDC_EXPERIMENTS\data\hospital\MCAR\0.15\1\clean.csv,C:\Users\daisl\Documents\Tullio\PARALLEL\MISSDC_EXPERIMENTS\data\hospital\MCAR\0.15\1\dirty.csv,C:\Users\daisl\Documents\Tullio\PARALLEL\MISSDC_EXPERIMENTS\data\hospital\MCAR\0.15\1\dirty_imputed.csv,,
HYPERIMPUTE,2026-06-11T02:30:39,ok,hospital,MCAR,15,0.15,2,0.1213,0.1213,0.1213,20580,0,,435.1959,1.565,C:\Users\daisl\Documents\Tullio\PARALLEL\MISSDC_EXPERIMENTS\data\hospital\MCAR\0.15\2\clean.csv,C:\Users\daisl\Documents\Tullio\PARALLEL\MISSDC_EXPERIMENTS\data\hospital\MCAR\0.15\2\dirty.csv,C:\Users\daisl\Documents\Tullio\PARALLEL\MISSDC_EXPERIMENTS\data\hospital\MCAR\0.15\2\dirty_imputed.csv,,
HYPERIMPUTE,2026-06-11T02:37:56,ok,hospital,MCAR,15,0.15,3,0.1245,0.1245,0.1245,20580,0,,432.1989,1.5643,C:\Users\daisl\Documents\Tullio\PARALLEL\MISSDC_EXPERIMENTS\data\hospital\MCAR\0.15\3\clean.csv,C:\Users\daisl\Documents\Tullio\PARALLEL\MISSDC_EXPERIMENTS\data\hospital\MCAR\0.15\3\dirty.csv,C:\Users\daisl\Documents\Tullio\PARALLEL\MISSDC_EXPERIMENTS\data\hospital\MCAR\0.15\3\dirty_imputed.csv,,
HYPERIMPUTE,2026-06-11T02:45:10,ok,hospital,MCAR,15,0.15,4,0.1179,0.1179,0.1179,20580,0,,407.2553,1.5379,C:\Users\daisl\Documents\Tullio\PARALLEL\MISSDC_EXPERIMENTS\data\hospital\MCAR\0.15\4\clean.csv,C:\Users\daisl\Documents\Tullio\PARALLEL\MISSDC_EXPERIMENTS\data\hospital\MCAR\0.15\4\dirty.csv,C:\Users\daisl\Documents\Tullio\PARALLEL\MISSDC_EXPERIMENTS\data\hospital\MCAR\0.15\4\dirty_imputed.csv,,
HYPERIMPUTE,2026-06-11T02:51:59,ok,hospital,MCAR,15,0.15,5,0.1206,0.1206,0.1206,20580,0,,512.342,1.6662,C:\Users\daisl\Documents\Tullio\PARALLEL\MISSDC_EXPERIMENTS\data\hospital\MCAR\0.15\5\clean.csv,C:\Users\daisl\Documents\Tullio\PARALLEL\MISSDC_EXPERIMENTS\data\hospital\MCAR\0.15\5\dirty.csv,C:\Users\daisl\Documents\Tullio\PARALLEL\MISSDC_EXPERIMENTS\data\hospital\MCAR\0.15\5\dirty_imputed.csv,,
HYPERIMPUTE,2026-06-11T03:00:33,ok,hospital,MCAR,15,0.2,1,0.1185,0.1185,0.1185,27450,0,,600.444,1.8255,C:\Users\daisl\Documents\Tullio\PARALLEL\MISSDC_EXPERIMENTS\data\hospital\MCAR\0.2\1\clean.csv,C:\Users\daisl\Documents\Tullio\PARALLEL\MISSDC_EXPERIMENTS\data\hospital\MCAR\0.2\1\dirty.csv,C:\Users\daisl\Documents\Tullio\PARALLEL\MISSDC_EXPERIMENTS\data\hospital\MCAR\0.2\1\dirty_imputed.csv,,
HYPERIMPUTE,2026-06-11T03:10:35,ok,hospital,MCAR,15,0.2,2,0.1215,0.1215,0.1215,27450,0,,625.395,1.4846,C:\Users\daisl\Documents\Tullio\PARALLEL\MISSDC_EXPERIMENTS\data\hospital\MCAR\0.2\2\clean.csv,C:\Users\daisl\Documents\Tullio\PARALLEL\MISSDC_EXPERIMENTS\data\hospital\MCAR\0.2\2\dirty.csv,C:\Users\daisl\Documents\Tullio\PARALLEL\MISSDC_EXPERIMENTS\data\hospital\MCAR\0.2\2\dirty_imputed.csv,,
HYPERIMPUTE,2026-06-11T03:21:02,ok,hospital,MCAR,15,0.2,3,0.1188,0.1188,0.1188,27450,0,,376.9139,1.533,C:\Users\daisl\Documents\Tullio\PARALLEL\MISSDC_EXPERIMENTS\data\hospital\MCAR\0.2\3\clean.csv,C:\Users\daisl\Documents\Tullio\PARALLEL\MISSDC_EXPERIMENTS\data\hospital\MCAR\0.2\3\dirty.csv,C:\Users\daisl\Documents\Tullio\PARALLEL\MISSDC_EXPERIMENTS\data\hospital\MCAR\0.2\3\dirty_imputed.csv,,
HYPERIMPUTE,2026-06-11T03:27:21,ok,hospital,MCAR,15,0.2,4,0.1184,0.1184,0.1184,27450,0,,546.2679,1.7883,C:\Users\daisl\Documents\Tullio\PARALLEL\MISSDC_EXPERIMENTS\data\hospital\MCAR\0.2\4\clean.csv,C:\Users\daisl\Documents\Tullio\PARALLEL\MISSDC_EXPERIMENTS\data\hospital\MCAR\0.2\4\dirty.csv,C:\Users\daisl\Documents\Tullio\PARALLEL\MISSDC_EXPERIMENTS\data\hospital\MCAR\0.2\4\dirty_imputed.csv,,
HYPERIMPUTE,2026-06-11T03:36:29,ok,hospital,MCAR,15,0.2,5,0.1184,0.1184,0.1184,27450,0,,366.7804,1.7058,C:\Users\daisl\Documents\Tullio\PARALLEL\MISSDC_EXPERIMENTS\data\hospital\MCAR\0.2\5\clean.csv,C:\Users\daisl\Documents\Tullio\PARALLEL\MISSDC_EXPERIMENTS\data\hospital\MCAR\0.2\5\dirty.csv,C:\Users\daisl\Documents\Tullio\PARALLEL\MISSDC_EXPERIMENTS\data\hospital\MCAR\0.2\5\dirty_imputed.csv,,
HYPERIMPUTE,2026-06-11T03:42:37,ok,hospital,MCAR,15,0.25,1,0.121,0.121,0.121,34305,0,,435.0211,2.1037,C:\Users\daisl\Documents\Tullio\PARALLEL\MISSDC_EXPERIMENTS\data\hospital\MCAR\0.25\1\clean.csv,C:\Users\daisl\Documents\Tullio\PARALLEL\MISSDC_EXPERIMENTS\data\hospital\MCAR\0.25\1\dirty.csv,C:\Users\daisl\Documents\Tullio\PARALLEL\MISSDC_EXPERIMENTS\data\hospital\MCAR\0.25\1\dirty_imputed.csv,,
HYPERIMPUTE,2026-06-11T03:49:54,ok,hospital,MCAR,15,0.25,2,0.1202,0.1202,0.1202,34305,0,,466.3837,1.953,C:\Users\daisl\Documents\Tullio\PARALLEL\MISSDC_EXPERIMENTS\data\hospital\MCAR\0.25\2\clean.csv,C:\Users\daisl\Documents\Tullio\PARALLEL\MISSDC_EXPERIMENTS\data\hospital\MCAR\0.25\2\dirty.csv,C:\Users\daisl\Documents\Tullio\PARALLEL\MISSDC_EXPERIMENTS\data\hospital\MCAR\0.25\2\dirty_imputed.csv,,
HYPERIMPUTE,2026-06-11T03:57:43,ok,hospital,MCAR,15,0.25,3,0.119,0.119,0.119,34305,0,,549.0499,1.9755,C:\Users\daisl\Documents\Tullio\PARALLEL\MISSDC_EXPERIMENTS\data\hospital\MCAR\0.25\3\clean.csv,C:\Users\daisl\Documents\Tullio\PARALLEL\MISSDC_EXPERIMENTS\data\hospital\MCAR\0.25\3\dirty.csv,C:\Users\daisl\Documents\Tullio\PARALLEL\MISSDC_EXPERIMENTS\data\hospital\MCAR\0.25\3\dirty_imputed.csv,,
HYPERIMPUTE,2026-06-11T04:06:54,ok,hospital,MCAR,15,0.25,4,0.1187,0.1187,0.1187,34305,0,,611.4886,1.6035,C:\Users\daisl\Documents\Tullio\PARALLEL\MISSDC_EXPERIMENTS\data\hospital\MCAR\0.25\4\clean.csv,C:\Users\daisl\Documents\Tullio\PARALLEL\MISSDC_EXPERIMENTS\data\hospital\MCAR\0.25\4\dirty.csv,C:\Users\daisl\Documents\Tullio\PARALLEL\MISSDC_EXPERIMENTS\data\hospital\MCAR\0.25\4\dirty_imputed.csv,,
HYPERIMPUTE,2026-06-11T04:17:07,ok,hospital,MCAR,15,0.25,5,0.1195,0.1195,0.1195,34305,0,,315.3131,1.5095,C:\Users\daisl\Documents\Tullio\PARALLEL\MISSDC_EXPERIMENTS\data\hospital\MCAR\0.25\5\clean.csv,C:\Users\daisl\Documents\Tullio\PARALLEL\MISSDC_EXPERIMENTS\data\hospital\MCAR\0.25\5\dirty.csv,C:\Users\daisl\Documents\Tullio\PARALLEL\MISSDC_EXPERIMENTS\data\hospital\MCAR\0.25\5\dirty_imputed.csv,,
HYPERIMPUTE,2026-06-11T04:22:24,ok,hospital,MCAR,15,0.3,1,0.119,0.119,0.119,41175,0,,625.3908,2.204,C:\Users\daisl\Documents\Tullio\PARALLEL\MISSDC_EXPERIMENTS\data\hospital\MCAR\0.3\1\clean.csv,C:\Users\daisl\Documents\Tullio\PARALLEL\MISSDC_EXPERIMENTS\data\hospital\MCAR\0.3\1\dirty.csv,C:\Users\daisl\Documents\Tullio\PARALLEL\MISSDC_EXPERIMENTS\data\hospital\MCAR\0.3\1\dirty_imputed.csv,,
HYPERIMPUTE,2026-06-11T04:32:52,ok,hospital,MCAR,15,0.3,2,0.1195,0.1195,0.1195,41175,0,,475.4969,2.0972,C:\Users\daisl\Documents\Tullio\PARALLEL\MISSDC_EXPERIMENTS\data\hospital\MCAR\0.3\2\clean.csv,C:\Users\daisl\Documents\Tullio\PARALLEL\MISSDC_EXPERIMENTS\data\hospital\MCAR\0.3\2\dirty.csv,C:\Users\daisl\Documents\Tullio\PARALLEL\MISSDC_EXPERIMENTS\data\hospital\MCAR\0.3\2\dirty_imputed.csv,,
HYPERIMPUTE,2026-06-11T04:40:49,ok,hospital,MCAR,15,0.3,3,0.1186,0.1186,0.1186,41175,0,,751.8988,2.1188,C:\Users\daisl\Documents\Tullio\PARALLEL\MISSDC_EXPERIMENTS\data\hospital\MCAR\0.3\3\clean.csv,C:\Users\daisl\Documents\Tullio\PARALLEL\MISSDC_EXPERIMENTS\data\hospital\MCAR\0.3\3\dirty.csv,C:\Users\daisl\Documents\Tullio\PARALLEL\MISSDC_EXPERIMENTS\data\hospital\MCAR\0.3\3\dirty_imputed.csv,,
HYPERIMPUTE,2026-06-11T04:53:23,ok,hospital,MCAR,15,0.3,4,0.1182,0.1182,0.1182,41175,0,,404.252,2.1396,C:\Users\daisl\Documents\Tullio\PARALLEL\MISSDC_EXPERIMENTS\data\hospital\MCAR\0.3\4\clean.csv,C:\Users\daisl\Documents\Tullio\PARALLEL\MISSDC_EXPERIMENTS\data\hospital\MCAR\0.3\4\dirty.csv,C:\Users\daisl\Documents\Tullio\PARALLEL\MISSDC_EXPERIMENTS\data\hospital\MCAR\0.3\4\dirty_imputed.csv,,
HYPERIMPUTE,2026-06-11T05:00:10,ok,hospital,MCAR,15,0.3,5,0.1195,0.1195,0.1195,41175,0,,439.9906,2.0818,C:\Users\daisl\Documents\Tullio\PARALLEL\MISSDC_EXPERIMENTS\data\hospital\MCAR\0.3\5\clean.csv,C:\Users\daisl\Documents\Tullio\PARALLEL\MISSDC_EXPERIMENTS\data\hospital\MCAR\0.3\5\dirty.csv,C:\Users\daisl\Documents\Tullio\PARALLEL\MISSDC_EXPERIMENTS\data\hospital\MCAR\0.3\5\dirty_imputed.csv,,
HYPERIMPUTE,2026-06-11T05:07:32,ok,hospital,MNAR,15,0.01,1,0.0667,0.0667,0.0667,1365,0,,342.4424,0.8932,C:\Users\daisl\Documents\Tullio\PARALLEL\MISSDC_EXPERIMENTS\data\hospital\MNAR\0.01\1\clean.csv,C:\Users\daisl\Documents\Tullio\PARALLEL\MISSDC_EXPERIMENTS\data\hospital\MNAR\0.01\1\dirty.csv,C:\Users\daisl\Documents\Tullio\PARALLEL\MISSDC_EXPERIMENTS\data\hospital\MNAR\0.01\1\dirty_imputed.csv,,
HYPERIMPUTE,2026-06-11T05:13:15,ok,hospital,MNAR,15,0.01,2,0.0667,0.0667,0.0667,1365,0,,358.097,1.1117,C:\Users\daisl\Documents\Tullio\PARALLEL\MISSDC_EXPERIMENTS\data\hospital\MNAR\0.01\2\clean.csv,C:\Users\daisl\Documents\Tullio\PARALLEL\MISSDC_EXPERIMENTS\data\hospital\MNAR\0.01\2\dirty.csv,C:\Users\daisl\Documents\Tullio\PARALLEL\MISSDC_EXPERIMENTS\data\hospital\MNAR\0.01\2\dirty_imputed.csv,,
HYPERIMPUTE,2026-06-11T05:19:14,ok,hospital,MNAR,15,0.01,3,0.1333,0.1333,0.1333,1365,0,,366.0922,1.0951,C:\Users\daisl\Documents\Tullio\PARALLEL\MISSDC_EXPERIMENTS\data\hospital\MNAR\0.01\3\clean.csv,C:\Users\daisl\Documents\Tullio\PARALLEL\MISSDC_EXPERIMENTS\data\hospital\MNAR\0.01\3\dirty.csv,C:\Users\daisl\Documents\Tullio\PARALLEL\MISSDC_EXPERIMENTS\data\hospital\MNAR\0.01\3\dirty_imputed.csv,,
HYPERIMPUTE,2026-06-11T05:25:22,ok,hospital,MNAR,15,0.01,4,0.1333,0.1333,0.1333,1365,0,,404.8032,1.0168,C:\Users\daisl\Documents\Tullio\PARALLEL\MISSDC_EXPERIMENTS\data\hospital\MNAR\0.01\4\clean.csv,C:\Users\daisl\Documents\Tullio\PARALLEL\MISSDC_EXPERIMENTS\data\hospital\MNAR\0.01\4\dirty.csv,C:\Users\daisl\Documents\Tullio\PARALLEL\MISSDC_EXPERIMENTS\data\hospital\MNAR\0.01\4\dirty_imputed.csv,,
HYPERIMPUTE,2026-06-11T05:32:08,ok,hospital,MNAR,15,0.01,5,0.1333,0.1333,0.1333,1365,0,,322.0124,1.0712,C:\Users\daisl\Documents\Tullio\PARALLEL\MISSDC_EXPERIMENTS\data\hospital\MNAR\0.01\5\clean.csv,C:\Users\daisl\Documents\Tullio\PARALLEL\MISSDC_EXPERIMENTS\data\hospital\MNAR\0.01\5\dirty.csv,C:\Users\daisl\Documents\Tullio\PARALLEL\MISSDC_EXPERIMENTS\data\hospital\MNAR\0.01\5\dirty_imputed.csv,,
HYPERIMPUTE,2026-06-11T05:37:31,ok,hospital,MNAR,15,0.05,1,0.0861,0.0861,0.0861,6855,0,,495.3134,1.2283,C:\Users\daisl\Documents\Tullio\PARALLEL\MISSDC_EXPERIMENTS\data\hospital\MNAR\0.05\1\clean.csv,C:\Users\daisl\Documents\Tullio\PARALLEL\MISSDC_EXPERIMENTS\data\hospital\MNAR\0.05\1\dirty.csv,C:\Users\daisl\Documents\Tullio\PARALLEL\MISSDC_EXPERIMENTS\data\hospital\MNAR\0.05\1\dirty_imputed.csv,,
HYPERIMPUTE,2026-06-11T05:45:47,ok,hospital,MNAR,15,0.05,2,0.1755,0.1755,0.1755,6855,0,,304.7416,1.2553,C:\Users\daisl\Documents\Tullio\PARALLEL\MISSDC_EXPERIMENTS\data\hospital\MNAR\0.05\2\clean.csv,C:\Users\daisl\Documents\Tullio\PARALLEL\MISSDC_EXPERIMENTS\data\hospital\MNAR\0.05\2\dirty.csv,C:\Users\daisl\Documents\Tullio\PARALLEL\MISSDC_EXPERIMENTS\data\hospital\MNAR\0.05\2\dirty_imputed.csv,,
HYPERIMPUTE,2026-06-11T05:50:53,ok,hospital,MNAR,15,0.05,3,0.0956,0.0956,0.0956,6855,0,,424.7365,1.1539,C:\Users\daisl\Documents\Tullio\PARALLEL\MISSDC_EXPERIMENTS\data\hospital\MNAR\0.05\3\clean.csv,C:\Users\daisl\Documents\Tullio\PARALLEL\MISSDC_EXPERIMENTS\data\hospital\MNAR\0.05\3\dirty.csv,C:\Users\daisl\Documents\Tullio\PARALLEL\MISSDC_EXPERIMENTS\data\hospital\MNAR\0.05\3\dirty_imputed.csv,,
HYPERIMPUTE,2026-06-11T05:57:59,ok,hospital,MNAR,15,0.05,4,0.2,0.2,0.2,6855,0,,336.5712,0.9884,C:\Users\daisl\Documents\Tullio\PARALLEL\MISSDC_EXPERIMENTS\data\hospital\MNAR\0.05\4\clean.csv,C:\Users\daisl\Documents\Tullio\PARALLEL\MISSDC_EXPERIMENTS\data\hospital\MNAR\0.05\4\dirty.csv,C:\Users\daisl\Documents\Tullio\PARALLEL\MISSDC_EXPERIMENTS\data\hospital\MNAR\0.05\4\dirty_imputed.csv,,
HYPERIMPUTE,2026-06-11T06:03:37,ok,hospital,MNAR,15,0.05,5,0.0667,0.0667,0.0667,6855,0,,344.8636,1.2372,C:\Users\daisl\Documents\Tullio\PARALLEL\MISSDC_EXPERIMENTS\data\hospital\MNAR\0.05\5\clean.csv,C:\Users\daisl\Documents\Tullio\PARALLEL\MISSDC_EXPERIMENTS\data\hospital\MNAR\0.05\5\dirty.csv,C:\Users\daisl\Documents\Tullio\PARALLEL\MISSDC_EXPERIMENTS\data\hospital\MNAR\0.05\5\dirty_imputed.csv,,
HYPERIMPUTE,2026-06-11T06:09:23,ok,hospital,MNAR,15,0.1,1,0.0756,0.0756,0.0756,13725,0,,383.7355,1.3491,C:\Users\daisl\Documents\Tullio\PARALLEL\MISSDC_EXPERIMENTS\data\hospital\MNAR\0.1\1\clean.csv,C:\Users\daisl\Documents\Tullio\PARALLEL\MISSDC_EXPERIMENTS\data\hospital\MNAR\0.1\1\dirty.csv,C:\Users\daisl\Documents\Tullio\PARALLEL\MISSDC_EXPERIMENTS\data\hospital\MNAR\0.1\1\dirty_imputed.csv,,
HYPERIMPUTE,2026-06-11T06:15:48,ok,hospital,MNAR,15,0.1,2,0.1211,0.1211,0.1211,13725,0,,292.6808,1.3618,C:\Users\daisl\Documents\Tullio\PARALLEL\MISSDC_EXPERIMENTS\data\hospital\MNAR\0.1\2\clean.csv,C:\Users\daisl\Documents\Tullio\PARALLEL\MISSDC_EXPERIMENTS\data\hospital\MNAR\0.1\2\dirty.csv,C:\Users\daisl\Documents\Tullio\PARALLEL\MISSDC_EXPERIMENTS\data\hospital\MNAR\0.1\2\dirty_imputed.csv,,
HYPERIMPUTE,2026-06-11T06:20:42,ok,hospital,MNAR,15,0.1,3,0.0721,0.0721,0.0721,13725,0,,557.382,1.5134,C:\Users\daisl\Documents\Tullio\PARALLEL\MISSDC_EXPERIMENTS\data\hospital\MNAR\0.1\3\clean.csv,C:\Users\daisl\Documents\Tullio\PARALLEL\MISSDC_EXPERIMENTS\data\hospital\MNAR\0.1\3\dirty.csv,C:\Users\daisl\Documents\Tullio\PARALLEL\MISSDC_EXPERIMENTS\data\hospital\MNAR\0.1\3\dirty_imputed.csv,,
HYPERIMPUTE,2026-06-11T06:30:01,ok,hospital,MNAR,15,0.1,4,0.1597,0.1597,0.1597,13725,0,,324.289,1.4202,C:\Users\daisl\Documents\Tullio\PARALLEL\MISSDC_EXPERIMENTS\data\hospital\MNAR\0.1\4\clean.csv,C:\Users\daisl\Documents\Tullio\PARALLEL\MISSDC_EXPERIMENTS\data\hospital\MNAR\0.1\4\dirty.csv,C:\Users\daisl\Documents\Tullio\PARALLEL\MISSDC_EXPERIMENTS\data\hospital\MNAR\0.1\4\dirty_imputed.csv,,
HYPERIMPUTE,2026-06-11T06:35:27,ok,hospital,MNAR,15,0.1,5,0.0667,0.0667,0.0667,13725,0,,413.5234,1.331,C:\Users\daisl\Documents\Tullio\PARALLEL\MISSDC_EXPERIMENTS\data\hospital\MNAR\0.1\5\clean.csv,C:\Users\daisl\Documents\Tullio\PARALLEL\MISSDC_EXPERIMENTS\data\hospital\MNAR\0.1\5\dirty.csv,C:\Users\daisl\Documents\Tullio\PARALLEL\MISSDC_EXPERIMENTS\data\hospital\MNAR\0.1\5\dirty_imputed.csv,,
HYPERIMPUTE,2026-06-11T06:42:22,ok,hospital,MNAR,15,0.15,1,0.1111,0.1111,0.1111,20580,0,,241.576,1.5752,C:\Users\daisl\Documents\Tullio\PARALLEL\MISSDC_EXPERIMENTS\data\hospital\MNAR\0.15\1\clean.csv,C:\Users\daisl\Documents\Tullio\PARALLEL\MISSDC_EXPERIMENTS\data\hospital\MNAR\0.15\1\dirty.csv,C:\Users\daisl\Documents\Tullio\PARALLEL\MISSDC_EXPERIMENTS\data\hospital\MNAR\0.15\1\dirty_imputed.csv,,
HYPERIMPUTE,2026-06-11T06:46:25,ok,hospital,MNAR,15,0.15,2,0.0848,0.0848,0.0848,20580,0,,413.4091,1.2716,C:\Users\daisl\Documents\Tullio\PARALLEL\MISSDC_EXPERIMENTS\data\hospital\MNAR\0.15\2\clean.csv,C:\Users\daisl\Documents\Tullio\PARALLEL\MISSDC_EXPERIMENTS\data\hospital\MNAR\0.15\2\dirty.csv,C:\Users\daisl\Documents\Tullio\PARALLEL\MISSDC_EXPERIMENTS\data\hospital\MNAR\0.15\2\dirty_imputed.csv,,
HYPERIMPUTE,2026-06-11T06:53:20,ok,hospital,MNAR,15,0.15,3,0.1295,0.1295,0.1295,20580,0,,279.069,1.5425,C:\Users\daisl\Documents\Tullio\PARALLEL\MISSDC_EXPERIMENTS\data\hospital\MNAR\0.15\3\clean.csv,C:\Users\daisl\Documents\Tullio\PARALLEL\MISSDC_EXPERIMENTS\data\hospital\MNAR\0.15\3\dirty.csv,C:\Users\daisl\Documents\Tullio\PARALLEL\MISSDC_EXPERIMENTS\data\hospital\MNAR\0.15\3\dirty_imputed.csv,,
HYPERIMPUTE,2026-06-11T06:58:00,ok,hospital,MNAR,15,0.15,4,0.1122,0.1122,0.1122,20580,0,,489.1537,1.5633,C:\Users\daisl\Documents\Tullio\PARALLEL\MISSDC_EXPERIMENTS\data\hospital\MNAR\0.15\4\clean.csv,C:\Users\daisl\Documents\Tullio\PARALLEL\MISSDC_EXPERIMENTS\data\hospital\MNAR\0.15\4\dirty.csv,C:\Users\daisl\Documents\Tullio\PARALLEL\MISSDC_EXPERIMENTS\data\hospital\MNAR\0.15\4\dirty_imputed.csv,,
HYPERIMPUTE,2026-06-11T07:06:11,ok,hospital,MNAR,15,0.15,5,0.0927,0.0927,0.0927,20580,0,,513.8465,1.5329,C:\Users\daisl\Documents\Tullio\PARALLEL\MISSDC_EXPERIMENTS\data\hospital\MNAR\0.15\5\clean.csv,C:\Users\daisl\Documents\Tullio\PARALLEL\MISSDC_EXPERIMENTS\data\hospital\MNAR\0.15\5\dirty.csv,C:\Users\daisl\Documents\Tullio\PARALLEL\MISSDC_EXPERIMENTS\data\hospital\MNAR\0.15\5\dirty_imputed.csv,,
HYPERIMPUTE,2026-06-11T07:14:47,ok,hospital,MNAR,15,0.2,1,0.1781,0.1781,0.1781,27450,0,,473.2967,1.8701,C:\Users\daisl\Documents\Tullio\PARALLEL\MISSDC_EXPERIMENTS\data\hospital\MNAR\0.2\1\clean.csv,C:\Users\daisl\Documents\Tullio\PARALLEL\MISSDC_EXPERIMENTS\data\hospital\MNAR\0.2\1\dirty.csv,C:\Users\daisl\Documents\Tullio\PARALLEL\MISSDC_EXPERIMENTS\data\hospital\MNAR\0.2\1\dirty_imputed.csv,,
HYPERIMPUTE,2026-06-11T07:22:42,ok,hospital,MNAR,15,0.2,2,0.0667,0.0667,0.0667,27450,0,,450.3329,1.7767,C:\Users\daisl\Documents\Tullio\PARALLEL\MISSDC_EXPERIMENTS\data\hospital\MNAR\0.2\2\clean.csv,C:\Users\daisl\Documents\Tullio\PARALLEL\MISSDC_EXPERIMENTS\data\hospital\MNAR\0.2\2\dirty.csv,C:\Users\daisl\Documents\Tullio\PARALLEL\MISSDC_EXPERIMENTS\data\hospital\MNAR\0.2\2\dirty_imputed.csv,,
HYPERIMPUTE,2026-06-11T07:30:14,ok,hospital,MNAR,15,0.2,3,0.1123,0.1123,0.1123,27450,0,,761.1634,1.5536,C:\Users\daisl\Documents\Tullio\PARALLEL\MISSDC_EXPERIMENTS\data\hospital\MNAR\0.2\3\clean.csv,C:\Users\daisl\Documents\Tullio\PARALLEL\MISSDC_EXPERIMENTS\data\hospital\MNAR\0.2\3\dirty.csv,C:\Users\daisl\Documents\Tullio\PARALLEL\MISSDC_EXPERIMENTS\data\hospital\MNAR\0.2\3\dirty_imputed.csv,,
HYPERIMPUTE,2026-06-11T07:42:57,ok,hospital,MNAR,15,0.2,4,0.1231,0.1231,0.1231,27450,0,,257.9308,1.3453,C:\Users\daisl\Documents\Tullio\PARALLEL\MISSDC_EXPERIMENTS\data\hospital\MNAR\0.2\4\clean.csv,C:\Users\daisl\Documents\Tullio\PARALLEL\MISSDC_EXPERIMENTS\data\hospital\MNAR\0.2\4\dirty.csv,C:\Users\daisl\Documents\Tullio\PARALLEL\MISSDC_EXPERIMENTS\data\hospital\MNAR\0.2\4\dirty_imputed.csv,,
HYPERIMPUTE,2026-06-11T07:47:16,ok,hospital,MNAR,15,0.2,5,0.1613,0.1613,0.1613,27450,0,,405.1259,1.7019,C:\Users\daisl\Documents\Tullio\PARALLEL\MISSDC_EXPERIMENTS\data\hospital\MNAR\0.2\5\clean.csv,C:\Users\daisl\Documents\Tullio\PARALLEL\MISSDC_EXPERIMENTS\data\hospital\MNAR\0.2\5\dirty.csv,C:\Users\daisl\Documents\Tullio\PARALLEL\MISSDC_EXPERIMENTS\data\hospital\MNAR\0.2\5\dirty_imputed.csv,,
HYPERIMPUTE,2026-06-11T07:54:03,ok,hospital,MNAR,15,0.25,1,0.0856,0.0856,0.0856,34305,0,,381.5631,1.9684,C:\Users\daisl\Documents\Tullio\PARALLEL\MISSDC_EXPERIMENTS\data\hospital\MNAR\0.25\1\clean.csv,C:\Users\daisl\Documents\Tullio\PARALLEL\MISSDC_EXPERIMENTS\data\hospital\MNAR\0.25\1\dirty.csv,C:\Users\daisl\Documents\Tullio\PARALLEL\MISSDC_EXPERIMENTS\data\hospital\MNAR\0.25\1\dirty_imputed.csv,,
HYPERIMPUTE,2026-06-11T08:00:27,ok,hospital,MNAR,15,0.25,2,0.066,0.066,0.066,34305,0,,318.4891,1.9238,C:\Users\daisl\Documents\Tullio\PARALLEL\MISSDC_EXPERIMENTS\data\hospital\MNAR\0.25\2\clean.csv,C:\Users\daisl\Documents\Tullio\PARALLEL\MISSDC_EXPERIMENTS\data\hospital\MNAR\0.25\2\dirty.csv,C:\Users\daisl\Documents\Tullio\PARALLEL\MISSDC_EXPERIMENTS\data\hospital\MNAR\0.25\2\dirty_imputed.csv,,
HYPERIMPUTE,2026-06-11T08:05:47,ok,hospital,MNAR,15,0.25,3,0.0823,0.0823,0.0823,34305,0,,345.985,1.93,C:\Users\daisl\Documents\Tullio\PARALLEL\MISSDC_EXPERIMENTS\data\hospital\MNAR\0.25\3\clean.csv,C:\Users\daisl\Documents\Tullio\PARALLEL\MISSDC_EXPERIMENTS\data\hospital\MNAR\0.25\3\dirty.csv,C:\Users\daisl\Documents\Tullio\PARALLEL\MISSDC_EXPERIMENTS\data\hospital\MNAR\0.25\3\dirty_imputed.csv,,
HYPERIMPUTE,2026-06-11T08:11:35,ok,hospital,MNAR,15,0.25,4,0.0895,0.0895,0.0895,34305,0,,356.6435,1.9609,C:\Users\daisl\Documents\Tullio\PARALLEL\MISSDC_EXPERIMENTS\data\hospital\MNAR\0.25\4\clean.csv,C:\Users\daisl\Documents\Tullio\PARALLEL\MISSDC_EXPERIMENTS\data\hospital\MNAR\0.25\4\dirty.csv,C:\Users\daisl\Documents\Tullio\PARALLEL\MISSDC_EXPERIMENTS\data\hospital\MNAR\0.25\4\dirty_imputed.csv,,
HYPERIMPUTE,2026-06-11T08:17:34,ok,hospital,MNAR,15,0.25,5,0.0667,0.0667,0.0667,34305,0,,381.5966,1.9295,C:\Users\daisl\Documents\Tullio\PARALLEL\MISSDC_EXPERIMENTS\data\hospital\MNAR\0.25\5\clean.csv,C:\Users\daisl\Documents\Tullio\PARALLEL\MISSDC_EXPERIMENTS\data\hospital\MNAR\0.25\5\dirty.csv,C:\Users\daisl\Documents\Tullio\PARALLEL\MISSDC_EXPERIMENTS\data\hospital\MNAR\0.25\5\dirty_imputed.csv,,
HYPERIMPUTE,2026-06-11T08:23:57,ok,hospital,MNAR,15,0.3,1,0.0995,0.0995,0.0995,41175,0,,516.8255,1.6593,C:\Users\daisl\Documents\Tullio\PARALLEL\MISSDC_EXPERIMENTS\data\hospital\MNAR\0.3\1\clean.csv,C:\Users\daisl\Documents\Tullio\PARALLEL\MISSDC_EXPERIMENTS\data\hospital\MNAR\0.3\1\dirty.csv,C:\Users\daisl\Documents\Tullio\PARALLEL\MISSDC_EXPERIMENTS\data\hospital\MNAR\0.3\1\dirty_imputed.csv,,
HYPERIMPUTE,2026-06-11T08:32:36,ok,hospital,MNAR,15,0.3,2,0.0835,0.0835,0.0835,41175,0,,295.1844,1.6477,C:\Users\daisl\Documents\Tullio\PARALLEL\MISSDC_EXPERIMENTS\data\hospital\MNAR\0.3\2\clean.csv,C:\Users\daisl\Documents\Tullio\PARALLEL\MISSDC_EXPERIMENTS\data\hospital\MNAR\0.3\2\dirty.csv,C:\Users\daisl\Documents\Tullio\PARALLEL\MISSDC_EXPERIMENTS\data\hospital\MNAR\0.3\2\dirty_imputed.csv,,
HYPERIMPUTE,2026-06-11T08:37:33,ok,hospital,MNAR,15,0.3,3,0.0667,0.0667,0.0667,41175,0,,515.8448,2.0857,C:\Users\daisl\Documents\Tullio\PARALLEL\MISSDC_EXPERIMENTS\data\hospital\MNAR\0.3\3\clean.csv,C:\Users\daisl\Documents\Tullio\PARALLEL\MISSDC_EXPERIMENTS\data\hospital\MNAR\0.3\3\dirty.csv,C:\Users\daisl\Documents\Tullio\PARALLEL\MISSDC_EXPERIMENTS\data\hospital\MNAR\0.3\3\dirty_imputed.csv,,
HYPERIMPUTE,2026-06-11T08:46:11,ok,hospital,MNAR,15,0.3,4,0.0826,0.0826,0.0826,41175,0,,372.4689,2.1207,C:\Users\daisl\Documents\Tullio\PARALLEL\MISSDC_EXPERIMENTS\data\hospital\MNAR\0.3\4\clean.csv,C:\Users\daisl\Documents\Tullio\PARALLEL\MISSDC_EXPERIMENTS\data\hospital\MNAR\0.3\4\dirty.csv,C:\Users\daisl\Documents\Tullio\PARALLEL\MISSDC_EXPERIMENTS\data\hospital\MNAR\0.3\4\dirty_imputed.csv,,
HYPERIMPUTE,2026-06-11T08:52:25,ok,hospital,MNAR,15,0.3,5,0.085,0.085,0.085,41175,0,,298.5324,2.0907,C:\Users\daisl\Documents\Tullio\PARALLEL\MISSDC_EXPERIMENTS\data\hospital\MNAR\0.3\5\clean.csv,C:\Users\daisl\Documents\Tullio\PARALLEL\MISSDC_EXPERIMENTS\data\hospital\MNAR\0.3\5\dirty.csv,C:\Users\daisl\Documents\Tullio\PARALLEL\MISSDC_EXPERIMENTS\data\hospital\MNAR\0.3\5\dirty_imputed.csv,,
HYPERIMPUTE,2026-06-11T13:37:25,ok,ncvoter,MAR,15,0.01,1,0.3192,0.3192,0.3192,1485,0,,483.7024,0.9956,C:\Users\daisl\Documents\Tullio\PARALLEL\MISSDC_EXPERIMENTS\data\ncvoter\MAR\0.01\1\clean.csv,C:\Users\daisl\Documents\Tullio\PARALLEL\MISSDC_EXPERIMENTS\data\ncvoter\MAR\0.01\1\dirty.csv,C:\Users\daisl\Documents\Tullio\PARALLEL\MISSDC_EXPERIMENTS\data\ncvoter\MAR\0.01\1\dirty_imputed.csv,,
HYPERIMPUTE,2026-06-11T13:45:29,ok,ncvoter,MAR,15,0.01,2,0.3071,0.3071,0.3071,1485,0,,313.2769,0.8479,C:\Users\daisl\Documents\Tullio\PARALLEL\MISSDC_EXPERIMENTS\data\ncvoter\MAR\0.01\2\clean.csv,C:\Users\daisl\Documents\Tullio\PARALLEL\MISSDC_EXPERIMENTS\data\ncvoter\MAR\0.01\2\dirty.csv,C:\Users\daisl\Documents\Tullio\PARALLEL\MISSDC_EXPERIMENTS\data\ncvoter\MAR\0.01\2\dirty_imputed.csv,,
HYPERIMPUTE,2026-06-11T13:50:44,ok,ncvoter,MAR,15,0.01,3,0.3212,0.3212,0.3212,1485,0,,236.8008,1.0698,C:\Users\daisl\Documents\Tullio\PARALLEL\MISSDC_EXPERIMENTS\data\ncvoter\MAR\0.01\3\clean.csv,C:\Users\daisl\Documents\Tullio\PARALLEL\MISSDC_EXPERIMENTS\data\ncvoter\MAR\0.01\3\dirty.csv,C:\Users\daisl\Documents\Tullio\PARALLEL\MISSDC_EXPERIMENTS\data\ncvoter\MAR\0.01\3\dirty_imputed.csv,,
HYPERIMPUTE,2026-06-11T13:54:42,ok,ncvoter,MAR,15,0.01,4,0.336,0.336,0.336,1485,0,,609.9598,1.063,C:\Users\daisl\Documents\Tullio\PARALLEL\MISSDC_EXPERIMENTS\data\ncvoter\MAR\0.01\4\clean.csv,C:\Users\daisl\Documents\Tullio\PARALLEL\MISSDC_EXPERIMENTS\data\ncvoter\MAR\0.01\4\dirty.csv,C:\Users\daisl\Documents\Tullio\PARALLEL\MISSDC_EXPERIMENTS\data\ncvoter\MAR\0.01\4\dirty_imputed.csv,,
HYPERIMPUTE,2026-06-11T14:04:53,ok,ncvoter,MAR,15,0.01,5,0.3091,0.3091,0.3091,1485,0,,405.5042,1.0459,C:\Users\daisl\Documents\Tullio\PARALLEL\MISSDC_EXPERIMENTS\data\ncvoter\MAR\0.01\5\clean.csv,C:\Users\daisl\Documents\Tullio\PARALLEL\MISSDC_EXPERIMENTS\data\ncvoter\MAR\0.01\5\dirty.csv,C:\Users\daisl\Documents\Tullio\PARALLEL\MISSDC_EXPERIMENTS\data\ncvoter\MAR\0.01\5\dirty_imputed.csv,,
HYPERIMPUTE,2026-06-11T14:11:39,ok,ncvoter,MAR,15,0.05,1,0.3443,0.3443,0.3443,7485,0,,319.7131,1.1918,C:\Users\daisl\Documents\Tullio\PARALLEL\MISSDC_EXPERIMENTS\data\ncvoter\MAR\0.05\1\clean.csv,C:\Users\daisl\Documents\Tullio\PARALLEL\MISSDC_EXPERIMENTS\data\ncvoter\MAR\0.05\1\dirty.csv,C:\Users\daisl\Documents\Tullio\PARALLEL\MISSDC_EXPERIMENTS\data\ncvoter\MAR\0.05\1\dirty_imputed.csv,,
HYPERIMPUTE,2026-06-11T14:17:00,ok,ncvoter,MAR,15,0.05,2,0.3059,0.3059,0.3059,7485,0,,259.5418,1.2136,C:\Users\daisl\Documents\Tullio\PARALLEL\MISSDC_EXPERIMENTS\data\ncvoter\MAR\0.05\2\clean.csv,C:\Users\daisl\Documents\Tullio\PARALLEL\MISSDC_EXPERIMENTS\data\ncvoter\MAR\0.05\2\dirty.csv,C:\Users\daisl\Documents\Tullio\PARALLEL\MISSDC_EXPERIMENTS\data\ncvoter\MAR\0.05\2\dirty_imputed.csv,,
HYPERIMPUTE,2026-06-11T14:21:21,ok,ncvoter,MAR,15,0.05,3,0.326,0.326,0.326,7485,0,,210.9705,1.1703,C:\Users\daisl\Documents\Tullio\PARALLEL\MISSDC_EXPERIMENTS\data\ncvoter\MAR\0.05\3\clean.csv,C:\Users\daisl\Documents\Tullio\PARALLEL\MISSDC_EXPERIMENTS\data\ncvoter\MAR\0.05\3\dirty.csv,C:\Users\daisl\Documents\Tullio\PARALLEL\MISSDC_EXPERIMENTS\data\ncvoter\MAR\0.05\3\dirty_imputed.csv,,
HYPERIMPUTE,2026-06-11T14:24:53,ok,ncvoter,MAR,15,0.05,4,0.321,0.321,0.321,7485,0,,217.9465,1.2018,C:\Users\daisl\Documents\Tullio\PARALLEL\MISSDC_EXPERIMENTS\data\ncvoter\MAR\0.05\4\clean.csv,C:\Users\daisl\Documents\Tullio\PARALLEL\MISSDC_EXPERIMENTS\data\ncvoter\MAR\0.05\4\dirty.csv,C:\Users\daisl\Documents\Tullio\PARALLEL\MISSDC_EXPERIMENTS\data\ncvoter\MAR\0.05\4\dirty_imputed.csv,,
HYPERIMPUTE,2026-06-11T14:28:32,ok,ncvoter,MAR,15,0.05,5,0.3039,0.3039,0.3039,7485,0,,359.3754,0.9822,C:\Users\daisl\Documents\Tullio\PARALLEL\MISSDC_EXPERIMENTS\data\ncvoter\MAR\0.05\5\clean.csv,C:\Users\daisl\Documents\Tullio\PARALLEL\MISSDC_EXPERIMENTS\data\ncvoter\MAR\0.05\5\dirty.csv,C:\Users\daisl\Documents\Tullio\PARALLEL\MISSDC_EXPERIMENTS\data\ncvoter\MAR\0.05\5\dirty_imputed.csv,,
HYPERIMPUTE,2026-06-11T14:34:33,ok,ncvoter,MAR,15,0.1,1,0.3217,0.3217,0.3217,14985,0,,185.0651,1.285,C:\Users\daisl\Documents\Tullio\PARALLEL\MISSDC_EXPERIMENTS\data\ncvoter\MAR\0.1\1\clean.csv,C:\Users\daisl\Documents\Tullio\PARALLEL\MISSDC_EXPERIMENTS\data\ncvoter\MAR\0.1\1\dirty.csv,C:\Users\daisl\Documents\Tullio\PARALLEL\MISSDC_EXPERIMENTS\data\ncvoter\MAR\0.1\1\dirty_imputed.csv,,
HYPERIMPUTE,2026-06-11T14:37:39,ok,ncvoter,MAR,15,0.1,2,0.3209,0.3209,0.3209,14985,0,,194.325,1.4176,C:\Users\daisl\Documents\Tullio\PARALLEL\MISSDC_EXPERIMENTS\data\ncvoter\MAR\0.1\2\clean.csv,C:\Users\daisl\Documents\Tullio\PARALLEL\MISSDC_EXPERIMENTS\data\ncvoter\MAR\0.1\2\dirty.csv,C:\Users\daisl\Documents\Tullio\PARALLEL\MISSDC_EXPERIMENTS\data\ncvoter\MAR\0.1\2\dirty_imputed.csv,,
HYPERIMPUTE,2026-06-11T14:40:55,ok,ncvoter,MAR,15,0.1,3,0.2948,0.2948,0.2948,14985,0,,296.7273,1.3767,C:\Users\daisl\Documents\Tullio\PARALLEL\MISSDC_EXPERIMENTS\data\ncvoter\MAR\0.1\3\clean.csv,C:\Users\daisl\Documents\Tullio\PARALLEL\MISSDC_EXPERIMENTS\data\ncvoter\MAR\0.1\3\dirty.csv,C:\Users\daisl\Documents\Tullio\PARALLEL\MISSDC_EXPERIMENTS\data\ncvoter\MAR\0.1\3\dirty_imputed.csv,,
HYPERIMPUTE,2026-06-11T14:45:53,ok,ncvoter,MAR,15,0.1,4,0.3233,0.3233,0.3233,14985,0,,271.0126,1.3767,C:\Users\daisl\Documents\Tullio\PARALLEL\MISSDC_EXPERIMENTS\data\ncvoter\MAR\0.1\4\clean.csv,C:\Users\daisl\Documents\Tullio\PARALLEL\MISSDC_EXPERIMENTS\data\ncvoter\MAR\0.1\4\dirty.csv,C:\Users\daisl\Documents\Tullio\PARALLEL\MISSDC_EXPERIMENTS\data\ncvoter\MAR\0.1\4\dirty_imputed.csv,,
HYPERIMPUTE,2026-06-11T14:50:25,ok,ncvoter,MAR,15,0.1,5,0.3209,0.3209,0.3209,14985,0,,272.4695,1.3616,C:\Users\daisl\Documents\Tullio\PARALLEL\MISSDC_EXPERIMENTS\data\ncvoter\MAR\0.1\5\clean.csv,C:\Users\daisl\Documents\Tullio\PARALLEL\MISSDC_EXPERIMENTS\data\ncvoter\MAR\0.1\5\dirty.csv,C:\Users\daisl\Documents\Tullio\PARALLEL\MISSDC_EXPERIMENTS\data\ncvoter\MAR\0.1\5\dirty_imputed.csv,,
HYPERIMPUTE,2026-06-11T14:54:59,ok,ncvoter,MAR,15,0.15,1,0.308,0.308,0.308,22485,0,,650.5901,1.5515,C:\Users\daisl\Documents\Tullio\PARALLEL\MISSDC_EXPERIMENTS\data\ncvoter\MAR\0.15\1\clean.csv,C:\Users\daisl\Documents\Tullio\PARALLEL\MISSDC_EXPERIMENTS\data\ncvoter\MAR\0.15\1\dirty.csv,C:\Users\daisl\Documents\Tullio\PARALLEL\MISSDC_EXPERIMENTS\data\ncvoter\MAR\0.15\1\dirty_imputed.csv,,
HYPERIMPUTE,2026-06-11T15:05:52,ok,ncvoter,MAR,15,0.15,2,0.311,0.311,0.311,22485,0,,390.9312,1.665,C:\Users\daisl\Documents\Tullio\PARALLEL\MISSDC_EXPERIMENTS\data\ncvoter\MAR\0.15\2\clean.csv,C:\Users\daisl\Documents\Tullio\PARALLEL\MISSDC_EXPERIMENTS\data\ncvoter\MAR\0.15\2\dirty.csv,C:\Users\daisl\Documents\Tullio\PARALLEL\MISSDC_EXPERIMENTS\data\ncvoter\MAR\0.15\2\dirty_imputed.csv,,
HYPERIMPUTE,2026-06-11T15:12:24,ok,ncvoter,MAR,15,0.15,3,0.3186,0.3186,0.3186,22485,0,,483.1372,1.698,C:\Users\daisl\Documents\Tullio\PARALLEL\MISSDC_EXPERIMENTS\data\ncvoter\MAR\0.15\3\clean.csv,C:\Users\daisl\Documents\Tullio\PARALLEL\MISSDC_EXPERIMENTS\data\ncvoter\MAR\0.15\3\dirty.csv,C:\Users\daisl\Documents\Tullio\PARALLEL\MISSDC_EXPERIMENTS\data\ncvoter\MAR\0.15\3\dirty_imputed.csv,,
HYPERIMPUTE,2026-06-11T15:20:29,ok,ncvoter,MAR,15,0.15,4,0.3295,0.3295,0.3295,22485,0,,314.3077,1.5344,C:\Users\daisl\Documents\Tullio\PARALLEL\MISSDC_EXPERIMENTS\data\ncvoter\MAR\0.15\4\clean.csv,C:\Users\daisl\Documents\Tullio\PARALLEL\MISSDC_EXPERIMENTS\data\ncvoter\MAR\0.15\4\dirty.csv,C:\Users\daisl\Documents\Tullio\PARALLEL\MISSDC_EXPERIMENTS\data\ncvoter\MAR\0.15\4\dirty_imputed.csv,,
HYPERIMPUTE,2026-06-11T15:25:45,ok,ncvoter,MAR,15,0.15,5,0.3172,0.3172,0.3172,22485,0,,542.7678,1.5718,C:\Users\daisl\Documents\Tullio\PARALLEL\MISSDC_EXPERIMENTS\data\ncvoter\MAR\0.15\5\clean.csv,C:\Users\daisl\Documents\Tullio\PARALLEL\MISSDC_EXPERIMENTS\data\ncvoter\MAR\0.15\5\dirty.csv,C:\Users\daisl\Documents\Tullio\PARALLEL\MISSDC_EXPERIMENTS\data\ncvoter\MAR\0.15\5\dirty_imputed.csv,,
HYPERIMPUTE,2026-06-11T15:34:49,ok,ncvoter,MAR,15,0.2,1,0.3139,0.3139,0.3139,29985,0,,409.1652,1.8222,C:\Users\daisl\Documents\Tullio\PARALLEL\MISSDC_EXPERIMENTS\data\ncvoter\MAR\0.2\1\clean.csv,C:\Users\daisl\Documents\Tullio\PARALLEL\MISSDC_EXPERIMENTS\data\ncvoter\MAR\0.2\1\dirty.csv,C:\Users\daisl\Documents\Tullio\PARALLEL\MISSDC_EXPERIMENTS\data\ncvoter\MAR\0.2\1\dirty_imputed.csv,,
HYPERIMPUTE,2026-06-11T15:41:40,ok,ncvoter,MAR,15,0.2,2,0.3124,0.3124,0.3124,29985,0,,886.5549,1.8144,C:\Users\daisl\Documents\Tullio\PARALLEL\MISSDC_EXPERIMENTS\data\ncvoter\MAR\0.2\2\clean.csv,C:\Users\daisl\Documents\Tullio\PARALLEL\MISSDC_EXPERIMENTS\data\ncvoter\MAR\0.2\2\dirty.csv,C:\Users\daisl\Documents\Tullio\PARALLEL\MISSDC_EXPERIMENTS\data\ncvoter\MAR\0.2\2\dirty_imputed.csv,,
HYPERIMPUTE,2026-06-11T15:56:29,ok,ncvoter,MAR,15,0.2,3,0.3058,0.3058,0.3058,29985,0,,590.0407,1.8,C:\Users\daisl\Documents\Tullio\PARALLEL\MISSDC_EXPERIMENTS\data\ncvoter\MAR\0.2\3\clean.csv,C:\Users\daisl\Documents\Tullio\PARALLEL\MISSDC_EXPERIMENTS\data\ncvoter\MAR\0.2\3\dirty.csv,C:\Users\daisl\Documents\Tullio\PARALLEL\MISSDC_EXPERIMENTS\data\ncvoter\MAR\0.2\3\dirty_imputed.csv,,
HYPERIMPUTE,2026-06-11T16:06:21,ok,ncvoter,MAR,15,0.2,4,0.3141,0.3141,0.3141,29985,0,,421.0163,1.724,C:\Users\daisl\Documents\Tullio\PARALLEL\MISSDC_EXPERIMENTS\data\ncvoter\MAR\0.2\4\clean.csv,C:\Users\daisl\Documents\Tullio\PARALLEL\MISSDC_EXPERIMENTS\data\ncvoter\MAR\0.2\4\dirty.csv,C:\Users\daisl\Documents\Tullio\PARALLEL\MISSDC_EXPERIMENTS\data\ncvoter\MAR\0.2\4\dirty_imputed.csv,,
HYPERIMPUTE,2026-06-11T16:13:23,ok,ncvoter,MAR,15,0.2,5,0.3325,0.3325,0.3325,29985,0,,325.4151,1.7971,C:\Users\daisl\Documents\Tullio\PARALLEL\MISSDC_EXPERIMENTS\data\ncvoter\MAR\0.2\5\clean.csv,C:\Users\daisl\Documents\Tullio\PARALLEL\MISSDC_EXPERIMENTS\data\ncvoter\MAR\0.2\5\dirty.csv,C:\Users\daisl\Documents\Tullio\PARALLEL\MISSDC_EXPERIMENTS\data\ncvoter\MAR\0.2\5\dirty_imputed.csv,,
HYPERIMPUTE,2026-06-11T16:18:51,ok,ncvoter,MAR,15,0.25,1,0.3107,0.3107,0.3107,37485,0,,544.3236,1.93,C:\Users\daisl\Documents\Tullio\PARALLEL\MISSDC_EXPERIMENTS\data\ncvoter\MAR\0.25\1\clean.csv,C:\Users\daisl\Documents\Tullio\PARALLEL\MISSDC_EXPERIMENTS\data\ncvoter\MAR\0.25\1\dirty.csv,C:\Users\daisl\Documents\Tullio\PARALLEL\MISSDC_EXPERIMENTS\data\ncvoter\MAR\0.25\1\dirty_imputed.csv,,
HYPERIMPUTE,2026-06-11T16:27:57,ok,ncvoter,MAR,15,0.25,2,0.3275,0.3275,0.3275,37485,0,,793.8805,1.9796,C:\Users\daisl\Documents\Tullio\PARALLEL\MISSDC_EXPERIMENTS\data\ncvoter\MAR\0.25\2\clean.csv,C:\Users\daisl\Documents\Tullio\PARALLEL\MISSDC_EXPERIMENTS\data\ncvoter\MAR\0.25\2\dirty.csv,C:\Users\daisl\Documents\Tullio\PARALLEL\MISSDC_EXPERIMENTS\data\ncvoter\MAR\0.25\2\dirty_imputed.csv,,
HYPERIMPUTE,2026-06-11T16:41:13,ok,ncvoter,MAR,15,0.25,3,0.3309,0.3309,0.3309,37485,0,,457.1359,2.0423,C:\Users\daisl\Documents\Tullio\PARALLEL\MISSDC_EXPERIMENTS\data\ncvoter\MAR\0.25\3\clean.csv,C:\Users\daisl\Documents\Tullio\PARALLEL\MISSDC_EXPERIMENTS\data\ncvoter\MAR\0.25\3\dirty.csv,C:\Users\daisl\Documents\Tullio\PARALLEL\MISSDC_EXPERIMENTS\data\ncvoter\MAR\0.25\3\dirty_imputed.csv,,
HYPERIMPUTE,2026-06-11T16:48:52,ok,ncvoter,MAR,15,0.25,4,0.3181,0.3181,0.3181,37485,0,,506.3176,2.1193,C:\Users\daisl\Documents\Tullio\PARALLEL\MISSDC_EXPERIMENTS\data\ncvoter\MAR\0.25\4\clean.csv,C:\Users\daisl\Documents\Tullio\PARALLEL\MISSDC_EXPERIMENTS\data\ncvoter\MAR\0.25\4\dirty.csv,C:\Users\daisl\Documents\Tullio\PARALLEL\MISSDC_EXPERIMENTS\data\ncvoter\MAR\0.25\4\dirty_imputed.csv,,
HYPERIMPUTE,2026-06-11T16:57:21,ok,ncvoter,MAR,15,0.25,5,0.3158,0.3158,0.3158,37485,0,,351.2025,1.8203,C:\Users\daisl\Documents\Tullio\PARALLEL\MISSDC_EXPERIMENTS\data\ncvoter\MAR\0.25\5\clean.csv,C:\Users\daisl\Documents\Tullio\PARALLEL\MISSDC_EXPERIMENTS\data\ncvoter\MAR\0.25\5\dirty.csv,C:\Users\daisl\Documents\Tullio\PARALLEL\MISSDC_EXPERIMENTS\data\ncvoter\MAR\0.25\5\dirty_imputed.csv,,
HYPERIMPUTE,2026-06-11T17:03:14,ok,ncvoter,MAR,15,0.3,1,0.2989,0.2989,0.2989,44985,0,,578.434,2.1575,C:\Users\daisl\Documents\Tullio\PARALLEL\MISSDC_EXPERIMENTS\data\ncvoter\MAR\0.3\1\clean.csv,C:\Users\daisl\Documents\Tullio\PARALLEL\MISSDC_EXPERIMENTS\data\ncvoter\MAR\0.3\1\dirty.csv,C:\Users\daisl\Documents\Tullio\PARALLEL\MISSDC_EXPERIMENTS\data\ncvoter\MAR\0.3\1\dirty_imputed.csv,,
HYPERIMPUTE,2026-06-11T17:12:54,ok,ncvoter,MAR,15,0.3,2,0.3254,0.3254,0.3254,44985,0,,622.4762,2.2365,C:\Users\daisl\Documents\Tullio\PARALLEL\MISSDC_EXPERIMENTS\data\ncvoter\MAR\0.3\2\clean.csv,C:\Users\daisl\Documents\Tullio\PARALLEL\MISSDC_EXPERIMENTS\data\ncvoter\MAR\0.3\2\dirty.csv,C:\Users\daisl\Documents\Tullio\PARALLEL\MISSDC_EXPERIMENTS\data\ncvoter\MAR\0.3\2\dirty_imputed.csv,,
HYPERIMPUTE,2026-06-11T17:23:19,ok,ncvoter,MAR,15,0.3,3,0.3033,0.3033,0.3033,44985,0,,668.807,2.245,C:\Users\daisl\Documents\Tullio\PARALLEL\MISSDC_EXPERIMENTS\data\ncvoter\MAR\0.3\3\clean.csv,C:\Users\daisl\Documents\Tullio\PARALLEL\MISSDC_EXPERIMENTS\data\ncvoter\MAR\0.3\3\dirty.csv,C:\Users\daisl\Documents\Tullio\PARALLEL\MISSDC_EXPERIMENTS\data\ncvoter\MAR\0.3\3\dirty_imputed.csv,,
HYPERIMPUTE,2026-06-11T17:34:30,ok,ncvoter,MAR,15,0.3,4,0.3174,0.3174,0.3174,44985,0,,535.6624,1.6863,C:\Users\daisl\Documents\Tullio\PARALLEL\MISSDC_EXPERIMENTS\data\ncvoter\MAR\0.3\4\clean.csv,C:\Users\daisl\Documents\Tullio\PARALLEL\MISSDC_EXPERIMENTS\data\ncvoter\MAR\0.3\4\dirty.csv,C:\Users\daisl\Documents\Tullio\PARALLEL\MISSDC_EXPERIMENTS\data\ncvoter\MAR\0.3\4\dirty_imputed.csv,,
HYPERIMPUTE,2026-06-11T17:43:28,ok,ncvoter,MAR,15,0.3,5,0.3122,0.3122,0.3122,44985,0,,469.166,2.2746,C:\Users\daisl\Documents\Tullio\PARALLEL\MISSDC_EXPERIMENTS\data\ncvoter\MAR\0.3\5\clean.csv,C:\Users\daisl\Documents\Tullio\PARALLEL\MISSDC_EXPERIMENTS\data\ncvoter\MAR\0.3\5\dirty.csv,C:\Users\daisl\Documents\Tullio\PARALLEL\MISSDC_EXPERIMENTS\data\ncvoter\MAR\0.3\5\dirty_imputed.csv,,
HYPERIMPUTE,2026-06-11T17:51:19,ok,ncvoter,MCAR,15,0.01,1,0.3172,0.3172,0.3172,1485,0,,630.519,1.0402,C:\Users\daisl\Documents\Tullio\PARALLEL\MISSDC_EXPERIMENTS\data\ncvoter\MCAR\0.01\1\clean.csv,C:\Users\daisl\Documents\Tullio\PARALLEL\MISSDC_EXPERIMENTS\data\ncvoter\MCAR\0.01\1\dirty.csv,C:\Users\daisl\Documents\Tullio\PARALLEL\MISSDC_EXPERIMENTS\data\ncvoter\MCAR\0.01\1\dirty_imputed.csv,,
HYPERIMPUTE,2026-06-11T18:01:51,ok,ncvoter,MCAR,15,0.01,2,0.3071,0.3071,0.3071,1485,0,,645.3737,1.005,C:\Users\daisl\Documents\Tullio\PARALLEL\MISSDC_EXPERIMENTS\data\ncvoter\MCAR\0.01\2\clean.csv,C:\Users\daisl\Documents\Tullio\PARALLEL\MISSDC_EXPERIMENTS\data\ncvoter\MCAR\0.01\2\dirty.csv,C:\Users\daisl\Documents\Tullio\PARALLEL\MISSDC_EXPERIMENTS\data\ncvoter\MCAR\0.01\2\dirty_imputed.csv,,
HYPERIMPUTE,2026-06-11T18:12:37,ok,ncvoter,MCAR,15,0.01,3,0.3091,0.3091,0.3091,1485,0,,466.9547,1.0727,C:\Users\daisl\Documents\Tullio\PARALLEL\MISSDC_EXPERIMENTS\data\ncvoter\MCAR\0.01\3\clean.csv,C:\Users\daisl\Documents\Tullio\PARALLEL\MISSDC_EXPERIMENTS\data\ncvoter\MCAR\0.01\3\dirty.csv,C:\Users\daisl\Documents\Tullio\PARALLEL\MISSDC_EXPERIMENTS\data\ncvoter\MCAR\0.01\3\dirty_imputed.csv,,
HYPERIMPUTE,2026-06-11T18:20:25,ok,ncvoter,MCAR,15,0.01,4,0.3172,0.3172,0.3172,1485,0,,673.0074,1.1035,C:\Users\daisl\Documents\Tullio\PARALLEL\MISSDC_EXPERIMENTS\data\ncvoter\MCAR\0.01\4\clean.csv,C:\Users\daisl\Documents\Tullio\PARALLEL\MISSDC_EXPERIMENTS\data\ncvoter\MCAR\0.01\4\dirty.csv,C:\Users\daisl\Documents\Tullio\PARALLEL\MISSDC_EXPERIMENTS\data\ncvoter\MCAR\0.01\4\dirty_imputed.csv,,
HYPERIMPUTE,2026-06-11T18:31:39,ok,ncvoter,MCAR,15,0.01,5,0.3212,0.3212,0.3212,1485,0,,475.8915,1.1292,C:\Users\daisl\Documents\Tullio\PARALLEL\MISSDC_EXPERIMENTS\data\ncvoter\MCAR\0.01\5\clean.csv,C:\Users\daisl\Documents\Tullio\PARALLEL\MISSDC_EXPERIMENTS\data\ncvoter\MCAR\0.01\5\dirty.csv,C:\Users\daisl\Documents\Tullio\PARALLEL\MISSDC_EXPERIMENTS\data\ncvoter\MCAR\0.01\5\dirty_imputed.csv,,
HYPERIMPUTE,2026-06-11T18:39:36,ok,ncvoter,MCAR,15,0.05,1,0.3152,0.3152,0.3152,7485,0,,328.5567,1.2347,C:\Users\daisl\Documents\Tullio\PARALLEL\MISSDC_EXPERIMENTS\data\ncvoter\MCAR\0.05\1\clean.csv,C:\Users\daisl\Documents\Tullio\PARALLEL\MISSDC_EXPERIMENTS\data\ncvoter\MCAR\0.05\1\dirty.csv,C:\Users\daisl\Documents\Tullio\PARALLEL\MISSDC_EXPERIMENTS\data\ncvoter\MCAR\0.05\1\dirty_imputed.csv,,
HYPERIMPUTE,2026-06-11T18:45:06,ok,ncvoter,MCAR,15,0.05,2,0.3149,0.3149,0.3149,7485,0,,331.1517,1.1704,C:\Users\daisl\Documents\Tullio\PARALLEL\MISSDC_EXPERIMENTS\data\ncvoter\MCAR\0.05\2\clean.csv,C:\Users\daisl\Documents\Tullio\PARALLEL\MISSDC_EXPERIMENTS\data\ncvoter\MCAR\0.05\2\dirty.csv,C:\Users\daisl\Documents\Tullio\PARALLEL\MISSDC_EXPERIMENTS\data\ncvoter\MCAR\0.05\2\dirty_imputed.csv,,
HYPERIMPUTE,2026-06-11T18:50:39,ok,ncvoter,MCAR,15,0.05,3,0.3092,0.3092,0.3092,7485,0,,244.7454,1.2155,C:\Users\daisl\Documents\Tullio\PARALLEL\MISSDC_EXPERIMENTS\data\ncvoter\MCAR\0.05\3\clean.csv,C:\Users\daisl\Documents\Tullio\PARALLEL\MISSDC_EXPERIMENTS\data\ncvoter\MCAR\0.05\3\dirty.csv,C:\Users\daisl\Documents\Tullio\PARALLEL\MISSDC_EXPERIMENTS\data\ncvoter\MCAR\0.05\3\dirty_imputed.csv,,
HYPERIMPUTE,2026-06-11T18:54:45,ok,ncvoter,MCAR,15,0.05,4,0.3172,0.3172,0.3172,7485,0,,383.5683,1.1788,C:\Users\daisl\Documents\Tullio\PARALLEL\MISSDC_EXPERIMENTS\data\ncvoter\MCAR\0.05\4\clean.csv,C:\Users\daisl\Documents\Tullio\PARALLEL\MISSDC_EXPERIMENTS\data\ncvoter\MCAR\0.05\4\dirty.csv,C:\Users\daisl\Documents\Tullio\PARALLEL\MISSDC_EXPERIMENTS\data\ncvoter\MCAR\0.05\4\dirty_imputed.csv,,
HYPERIMPUTE,2026-06-11T19:01:09,ok,ncvoter,MCAR,15,0.05,5,0.3138,0.3138,0.3138,7485,0,,197.5881,1.1761,C:\Users\daisl\Documents\Tullio\PARALLEL\MISSDC_EXPERIMENTS\data\ncvoter\MCAR\0.05\5\clean.csv,C:\Users\daisl\Documents\Tullio\PARALLEL\MISSDC_EXPERIMENTS\data\ncvoter\MCAR\0.05\5\dirty.csv,C:\Users\daisl\Documents\Tullio\PARALLEL\MISSDC_EXPERIMENTS\data\ncvoter\MCAR\0.05\5\dirty_imputed.csv,,
HYPERIMPUTE,2026-06-11T19:04:28,ok,ncvoter,MCAR,15,0.1,1,0.315,0.315,0.315,14985,0,,360.649,1.4512,C:\Users\daisl\Documents\Tullio\PARALLEL\MISSDC_EXPERIMENTS\data\ncvoter\MCAR\0.1\1\clean.csv,C:\Users\daisl\Documents\Tullio\PARALLEL\MISSDC_EXPERIMENTS\data\ncvoter\MCAR\0.1\1\dirty.csv,C:\Users\daisl\Documents\Tullio\PARALLEL\MISSDC_EXPERIMENTS\data\ncvoter\MCAR\0.1\1\dirty_imputed.csv,,
HYPERIMPUTE,2026-06-11T19:10:30,ok,ncvoter,MCAR,15,0.1,2,0.3148,0.3148,0.3148,14985,0,,222.1675,1.3984,C:\Users\daisl\Documents\Tullio\PARALLEL\MISSDC_EXPERIMENTS\data\ncvoter\MCAR\0.1\2\clean.csv,C:\Users\daisl\Documents\Tullio\PARALLEL\MISSDC_EXPERIMENTS\data\ncvoter\MCAR\0.1\2\dirty.csv,C:\Users\daisl\Documents\Tullio\PARALLEL\MISSDC_EXPERIMENTS\data\ncvoter\MCAR\0.1\2\dirty_imputed.csv,,
HYPERIMPUTE,2026-06-11T19:14:14,ok,ncvoter,MCAR,15,0.1,3,0.3144,0.3144,0.3144,14985,0,,345.4742,1.1779,C:\Users\daisl\Documents\Tullio\PARALLEL\MISSDC_EXPERIMENTS\data\ncvoter\MCAR\0.1\3\clean.csv,C:\Users\daisl\Documents\Tullio\PARALLEL\MISSDC_EXPERIMENTS\data\ncvoter\MCAR\0.1\3\dirty.csv,C:\Users\daisl\Documents\Tullio\PARALLEL\MISSDC_EXPERIMENTS\data\ncvoter\MCAR\0.1\3\dirty_imputed.csv,,
HYPERIMPUTE,2026-06-11T19:20:01,ok,ncvoter,MCAR,15,0.1,4,0.3155,0.3155,0.3155,14985,0,,217.9088,1.2918,C:\Users\daisl\Documents\Tullio\PARALLEL\MISSDC_EXPERIMENTS\data\ncvoter\MCAR\0.1\4\clean.csv,C:\Users\daisl\Documents\Tullio\PARALLEL\MISSDC_EXPERIMENTS\data\ncvoter\MCAR\0.1\4\dirty.csv,C:\Users\daisl\Documents\Tullio\PARALLEL\MISSDC_EXPERIMENTS\data\ncvoter\MCAR\0.1\4\dirty_imputed.csv,,
HYPERIMPUTE,2026-06-11T19:23:40,ok,ncvoter,MCAR,15,0.1,5,0.3169,0.3169,0.3169,14985,0,,187.927,1.3915,C:\Users\daisl\Documents\Tullio\PARALLEL\MISSDC_EXPERIMENTS\data\ncvoter\MCAR\0.1\5\clean.csv,C:\Users\daisl\Documents\Tullio\PARALLEL\MISSDC_EXPERIMENTS\data\ncvoter\MCAR\0.1\5\dirty.csv,C:\Users\daisl\Documents\Tullio\PARALLEL\MISSDC_EXPERIMENTS\data\ncvoter\MCAR\0.1\5\dirty_imputed.csv,,
HYPERIMPUTE,2026-06-11T19:26:49,ok,ncvoter,MCAR,15,0.15,1,0.3129,0.3129,0.3129,22485,0,,410.4572,1.6623,C:\Users\daisl\Documents\Tullio\PARALLEL\MISSDC_EXPERIMENTS\data\ncvoter\MCAR\0.15\1\clean.csv,C:\Users\daisl\Documents\Tullio\PARALLEL\MISSDC_EXPERIMENTS\data\ncvoter\MCAR\0.15\1\dirty.csv,C:\Users\daisl\Documents\Tullio\PARALLEL\MISSDC_EXPERIMENTS\data\ncvoter\MCAR\0.15\1\dirty_imputed.csv,,
HYPERIMPUTE,2026-06-11T19:33:41,ok,ncvoter,MCAR,15,0.15,2,0.3142,0.3142,0.3142,22485,0,,519.5134,1.5926,C:\Users\daisl\Documents\Tullio\PARALLEL\MISSDC_EXPERIMENTS\data\ncvoter\MCAR\0.15\2\clean.csv,C:\Users\daisl\Documents\Tullio\PARALLEL\MISSDC_EXPERIMENTS\data\ncvoter\MCAR\0.15\2\dirty.csv,C:\Users\daisl\Documents\Tullio\PARALLEL\MISSDC_EXPERIMENTS\data\ncvoter\MCAR\0.15\2\dirty_imputed.csv,,
HYPERIMPUTE,2026-06-11T19:42:23,ok,ncvoter,MCAR,15,0.15,3,0.3142,0.3142,0.3142,22485,0,,489.5834,1.705,C:\Users\daisl\Documents\Tullio\PARALLEL\MISSDC_EXPERIMENTS\data\ncvoter\MCAR\0.15\3\clean.csv,C:\Users\daisl\Documents\Tullio\PARALLEL\MISSDC_EXPERIMENTS\data\ncvoter\MCAR\0.15\3\dirty.csv,C:\Users\daisl\Documents\Tullio\PARALLEL\MISSDC_EXPERIMENTS\data\ncvoter\MCAR\0.15\3\dirty_imputed.csv,,
HYPERIMPUTE,2026-06-11T19:50:34,ok,ncvoter,MCAR,15,0.15,4,0.3153,0.3153,0.3153,22485,0,,692.6061,1.6318,C:\Users\daisl\Documents\Tullio\PARALLEL\MISSDC_EXPERIMENTS\data\ncvoter\MCAR\0.15\4\clean.csv,C:\Users\daisl\Documents\Tullio\PARALLEL\MISSDC_EXPERIMENTS\data\ncvoter\MCAR\0.15\4\dirty.csv,C:\Users\daisl\Documents\Tullio\PARALLEL\MISSDC_EXPERIMENTS\data\ncvoter\MCAR\0.15\4\dirty_imputed.csv,,
HYPERIMPUTE,2026-06-11T20:02:08,ok,ncvoter,MCAR,15,0.15,5,0.3154,0.3154,0.3154,22485,0,,386.8906,1.5195,C:\Users\daisl\Documents\Tullio\PARALLEL\MISSDC_EXPERIMENTS\data\ncvoter\MCAR\0.15\5\clean.csv,C:\Users\daisl\Documents\Tullio\PARALLEL\MISSDC_EXPERIMENTS\data\ncvoter\MCAR\0.15\5\dirty.csv,C:\Users\daisl\Documents\Tullio\PARALLEL\MISSDC_EXPERIMENTS\data\ncvoter\MCAR\0.15\5\dirty_imputed.csv,,
HYPERIMPUTE,2026-06-11T20:08:37,ok,ncvoter,MCAR,15,0.2,1,0.3135,0.3135,0.3135,29985,0,,453.8961,1.7821,C:\Users\daisl\Documents\Tullio\PARALLEL\MISSDC_EXPERIMENTS\data\ncvoter\MCAR\0.2\1\clean.csv,C:\Users\daisl\Documents\Tullio\PARALLEL\MISSDC_EXPERIMENTS\data\ncvoter\MCAR\0.2\1\dirty.csv,C:\Users\daisl\Documents\Tullio\PARALLEL\MISSDC_EXPERIMENTS\data\ncvoter\MCAR\0.2\1\dirty_imputed.csv,,
HYPERIMPUTE,2026-06-11T20:16:12,ok,ncvoter,MCAR,15,0.2,2,0.3165,0.3165,0.3165,29985,0,,769.2917,1.7583,C:\Users\daisl\Documents\Tullio\PARALLEL\MISSDC_EXPERIMENTS\data\ncvoter\MCAR\0.2\2\clean.csv,C:\Users\daisl\Documents\Tullio\PARALLEL\MISSDC_EXPERIMENTS\data\ncvoter\MCAR\0.2\2\dirty.csv,C:\Users\daisl\Documents\Tullio\PARALLEL\MISSDC_EXPERIMENTS\data\ncvoter\MCAR\0.2\2\dirty_imputed.csv,,
HYPERIMPUTE,2026-06-11T20:29:03,ok,ncvoter,MCAR,15,0.2,3,0.314,0.314,0.314,29985,0,,803.0325,1.7999,C:\Users\daisl\Documents\Tullio\PARALLEL\MISSDC_EXPERIMENTS\data\ncvoter\MCAR\0.2\3\clean.csv,C:\Users\daisl\Documents\Tullio\PARALLEL\MISSDC_EXPERIMENTS\data\ncvoter\MCAR\0.2\3\dirty.csv,C:\Users\daisl\Documents\Tullio\PARALLEL\MISSDC_EXPERIMENTS\data\ncvoter\MCAR\0.2\3\dirty_imputed.csv,,
HYPERIMPUTE,2026-06-11T20:42:28,ok,ncvoter,MCAR,15,0.2,4,0.3151,0.3151,0.3151,29985,0,,538.6789,1.4415,C:\Users\daisl\Documents\Tullio\PARALLEL\MISSDC_EXPERIMENTS\data\ncvoter\MCAR\0.2\4\clean.csv,C:\Users\daisl\Documents\Tullio\PARALLEL\MISSDC_EXPERIMENTS\data\ncvoter\MCAR\0.2\4\dirty.csv,C:\Users\daisl\Documents\Tullio\PARALLEL\MISSDC_EXPERIMENTS\data\ncvoter\MCAR\0.2\4\dirty_imputed.csv,,
HYPERIMPUTE,2026-06-11T20:51:28,ok,ncvoter,MCAR,15,0.2,5,0.3159,0.3159,0.3159,29985,0,,713.9686,1.8989,C:\Users\daisl\Documents\Tullio\PARALLEL\MISSDC_EXPERIMENTS\data\ncvoter\MCAR\0.2\5\clean.csv,C:\Users\daisl\Documents\Tullio\PARALLEL\MISSDC_EXPERIMENTS\data\ncvoter\MCAR\0.2\5\dirty.csv,C:\Users\daisl\Documents\Tullio\PARALLEL\MISSDC_EXPERIMENTS\data\ncvoter\MCAR\0.2\5\dirty_imputed.csv,,
HYPERIMPUTE,2026-06-11T21:03:24,ok,ncvoter,MCAR,15,0.25,1,0.3133,0.3133,0.3133,37485,0,,478.4267,1.9401,C:\Users\daisl\Documents\Tullio\PARALLEL\MISSDC_EXPERIMENTS\data\ncvoter\MCAR\0.25\1\clean.csv,C:\Users\daisl\Documents\Tullio\PARALLEL\MISSDC_EXPERIMENTS\data\ncvoter\MCAR\0.25\1\dirty.csv,C:\Users\daisl\Documents\Tullio\PARALLEL\MISSDC_EXPERIMENTS\data\ncvoter\MCAR\0.25\1\dirty_imputed.csv,,
HYPERIMPUTE,2026-06-11T21:11:25,ok,ncvoter,MCAR,15,0.25,2,0.3155,0.3155,0.3155,37485,0,,484.1129,1.6883,C:\Users\daisl\Documents\Tullio\PARALLEL\MISSDC_EXPERIMENTS\data\ncvoter\MCAR\0.25\2\clean.csv,C:\Users\daisl\Documents\Tullio\PARALLEL\MISSDC_EXPERIMENTS\data\ncvoter\MCAR\0.25\2\dirty.csv,C:\Users\daisl\Documents\Tullio\PARALLEL\MISSDC_EXPERIMENTS\data\ncvoter\MCAR\0.25\2\dirty_imputed.csv,,
HYPERIMPUTE,2026-06-11T21:19:31,ok,ncvoter,MCAR,15,0.25,3,0.3146,0.3146,0.3146,37485,0,,896.6347,1.6344,C:\Users\daisl\Documents\Tullio\PARALLEL\MISSDC_EXPERIMENTS\data\ncvoter\MCAR\0.25\3\clean.csv,C:\Users\daisl\Documents\Tullio\PARALLEL\MISSDC_EXPERIMENTS\data\ncvoter\MCAR\0.25\3\dirty.csv,C:\Users\daisl\Documents\Tullio\PARALLEL\MISSDC_EXPERIMENTS\data\ncvoter\MCAR\0.25\3\dirty_imputed.csv,,
HYPERIMPUTE,2026-06-11T21:34:29,ok,ncvoter,MCAR,15,0.25,4,0.3141,0.3141,0.3141,37485,0,,711.8721,1.9842,C:\Users\daisl\Documents\Tullio\PARALLEL\MISSDC_EXPERIMENTS\data\ncvoter\MCAR\0.25\4\clean.csv,C:\Users\daisl\Documents\Tullio\PARALLEL\MISSDC_EXPERIMENTS\data\ncvoter\MCAR\0.25\4\dirty.csv,C:\Users\daisl\Documents\Tullio\PARALLEL\MISSDC_EXPERIMENTS\data\ncvoter\MCAR\0.25\4\dirty_imputed.csv,,
HYPERIMPUTE,2026-06-11T21:46:23,ok,ncvoter,MCAR,15,0.25,5,0.3149,0.3149,0.3149,37485,0,,507.626,1.9461,C:\Users\daisl\Documents\Tullio\PARALLEL\MISSDC_EXPERIMENTS\data\ncvoter\MCAR\0.25\5\clean.csv,C:\Users\daisl\Documents\Tullio\PARALLEL\MISSDC_EXPERIMENTS\data\ncvoter\MCAR\0.25\5\dirty.csv,C:\Users\daisl\Documents\Tullio\PARALLEL\MISSDC_EXPERIMENTS\data\ncvoter\MCAR\0.25\5\dirty_imputed.csv,,
HYPERIMPUTE,2026-06-11T21:54:52,ok,ncvoter,MCAR,15,0.3,1,0.3144,0.3144,0.3144,44985,0,,942.6303,2.2826,C:\Users\daisl\Documents\Tullio\PARALLEL\MISSDC_EXPERIMENTS\data\ncvoter\MCAR\0.3\1\clean.csv,C:\Users\daisl\Documents\Tullio\PARALLEL\MISSDC_EXPERIMENTS\data\ncvoter\MCAR\0.3\1\dirty.csv,C:\Users\daisl\Documents\Tullio\PARALLEL\MISSDC_EXPERIMENTS\data\ncvoter\MCAR\0.3\1\dirty_imputed.csv,,
HYPERIMPUTE,2026-06-11T22:10:37,ok,ncvoter,MCAR,15,0.3,2,0.316,0.316,0.316,44985,0,,978.9558,2.2192,C:\Users\daisl\Documents\Tullio\PARALLEL\MISSDC_EXPERIMENTS\data\ncvoter\MCAR\0.3\2\clean.csv,C:\Users\daisl\Documents\Tullio\PARALLEL\MISSDC_EXPERIMENTS\data\ncvoter\MCAR\0.3\2\dirty.csv,C:\Users\daisl\Documents\Tullio\PARALLEL\MISSDC_EXPERIMENTS\data\ncvoter\MCAR\0.3\2\dirty_imputed.csv,,
HYPERIMPUTE,2026-06-11T22:26:59,ok,ncvoter,MCAR,15,0.3,3,0.3143,0.3143,0.3143,44985,0,,943.3278,2.2126,C:\Users\daisl\Documents\Tullio\PARALLEL\MISSDC_EXPERIMENTS\data\ncvoter\MCAR\0.3\3\clean.csv,C:\Users\daisl\Documents\Tullio\PARALLEL\MISSDC_EXPERIMENTS\data\ncvoter\MCAR\0.3\3\dirty.csv,C:\Users\daisl\Documents\Tullio\PARALLEL\MISSDC_EXPERIMENTS\data\ncvoter\MCAR\0.3\3\dirty_imputed.csv,,
HYPERIMPUTE,2026-06-11T22:42:44,ok,ncvoter,MCAR,15,0.3,4,0.3149,0.3149,0.3149,44985,0,,512.0665,2.2474,C:\Users\daisl\Documents\Tullio\PARALLEL\MISSDC_EXPERIMENTS\data\ncvoter\MCAR\0.3\4\clean.csv,C:\Users\daisl\Documents\Tullio\PARALLEL\MISSDC_EXPERIMENTS\data\ncvoter\MCAR\0.3\4\dirty.csv,C:\Users\daisl\Documents\Tullio\PARALLEL\MISSDC_EXPERIMENTS\data\ncvoter\MCAR\0.3\4\dirty_imputed.csv,,
HYPERIMPUTE,2026-06-11T22:51:19,ok,ncvoter,MCAR,15,0.3,5,0.3159,0.3159,0.3159,44985,0,,768.5424,1.9243,C:\Users\daisl\Documents\Tullio\PARALLEL\MISSDC_EXPERIMENTS\data\ncvoter\MCAR\0.3\5\clean.csv,C:\Users\daisl\Documents\Tullio\PARALLEL\MISSDC_EXPERIMENTS\data\ncvoter\MCAR\0.3\5\dirty.csv,C:\Users\daisl\Documents\Tullio\PARALLEL\MISSDC_EXPERIMENTS\data\ncvoter\MCAR\0.3\5\dirty_imputed.csv,,
HYPERIMPUTE,2026-06-11T23:04:09,ok,ncvoter,MNAR,15,0.01,1,0.4,0.4,0.4,1485,0,,337.678,1.0488,C:\Users\daisl\Documents\Tullio\PARALLEL\MISSDC_EXPERIMENTS\data\ncvoter\MNAR\0.01\1\clean.csv,C:\Users\daisl\Documents\Tullio\PARALLEL\MISSDC_EXPERIMENTS\data\ncvoter\MNAR\0.01\1\dirty.csv,C:\Users\daisl\Documents\Tullio\PARALLEL\MISSDC_EXPERIMENTS\data\ncvoter\MNAR\0.01\1\dirty_imputed.csv,,
HYPERIMPUTE,2026-06-11T23:09:48,ok,ncvoter,MNAR,15,0.01,2,0.3333,0.3333,0.3333,1485,0,,362.1465,1.0364,C:\Users\daisl\Documents\Tullio\PARALLEL\MISSDC_EXPERIMENTS\data\ncvoter\MNAR\0.01\2\clean.csv,C:\Users\daisl\Documents\Tullio\PARALLEL\MISSDC_EXPERIMENTS\data\ncvoter\MNAR\0.01\2\dirty.csv,C:\Users\daisl\Documents\Tullio\PARALLEL\MISSDC_EXPERIMENTS\data\ncvoter\MNAR\0.01\2\dirty_imputed.csv,,
HYPERIMPUTE,2026-06-11T23:15:51,ok,ncvoter,MNAR,15,0.01,3,0.3333,0.3333,0.3333,1485,0,,469.3353,1.0134,C:\Users\daisl\Documents\Tullio\PARALLEL\MISSDC_EXPERIMENTS\data\ncvoter\MNAR\0.01\3\clean.csv,C:\Users\daisl\Documents\Tullio\PARALLEL\MISSDC_EXPERIMENTS\data\ncvoter\MNAR\0.01\3\dirty.csv,C:\Users\daisl\Documents\Tullio\PARALLEL\MISSDC_EXPERIMENTS\data\ncvoter\MNAR\0.01\3\dirty_imputed.csv,,
HYPERIMPUTE,2026-06-11T23:23:41,ok,ncvoter,MNAR,15,0.01,4,0.3333,0.3333,0.3333,1485,0,,496.3195,1.0573,C:\Users\daisl\Documents\Tullio\PARALLEL\MISSDC_EXPERIMENTS\data\ncvoter\MNAR\0.01\4\clean.csv,C:\Users\daisl\Documents\Tullio\PARALLEL\MISSDC_EXPERIMENTS\data\ncvoter\MNAR\0.01\4\dirty.csv,C:\Users\daisl\Documents\Tullio\PARALLEL\MISSDC_EXPERIMENTS\data\ncvoter\MNAR\0.01\4\dirty_imputed.csv,,
HYPERIMPUTE,2026-06-11T23:31:59,ok,ncvoter,MNAR,15,0.01,5,0.3333,0.3333,0.3333,1485,0,,428.188,0.8504,C:\Users\daisl\Documents\Tullio\PARALLEL\MISSDC_EXPERIMENTS\data\ncvoter\MNAR\0.01\5\clean.csv,C:\Users\daisl\Documents\Tullio\PARALLEL\MISSDC_EXPERIMENTS\data\ncvoter\MNAR\0.01\5\dirty.csv,C:\Users\daisl\Documents\Tullio\PARALLEL\MISSDC_EXPERIMENTS\data\ncvoter\MNAR\0.01\5\dirty_imputed.csv,,
HYPERIMPUTE,2026-06-11T23:39:08,ok,ncvoter,MNAR,15,0.05,1,0.367,0.367,0.367,7485,0,,362.1139,1.1944,C:\Users\daisl\Documents\Tullio\PARALLEL\MISSDC_EXPERIMENTS\data\ncvoter\MNAR\0.05\1\clean.csv,C:\Users\daisl\Documents\Tullio\PARALLEL\MISSDC_EXPERIMENTS\data\ncvoter\MNAR\0.05\1\dirty.csv,C:\Users\daisl\Documents\Tullio\PARALLEL\MISSDC_EXPERIMENTS\data\ncvoter\MNAR\0.05\1\dirty_imputed.csv,,
HYPERIMPUTE,2026-06-11T23:45:11,ok,ncvoter,MNAR,15,0.05,2,0.2279,0.2279,0.2279,7485,0,,370.9865,1.1622,C:\Users\daisl\Documents\Tullio\PARALLEL\MISSDC_EXPERIMENTS\data\ncvoter\MNAR\0.05\2\clean.csv,C:\Users\daisl\Documents\Tullio\PARALLEL\MISSDC_EXPERIMENTS\data\ncvoter\MNAR\0.05\2\dirty.csv,C:\Users\daisl\Documents\Tullio\PARALLEL\MISSDC_EXPERIMENTS\data\ncvoter\MNAR\0.05\2\dirty_imputed.csv,,
HYPERIMPUTE,2026-06-11T23:51:24,ok,ncvoter,MNAR,15,0.05,3,0.3333,0.3333,0.3333,7485,0,,403.41,1.149,C:\Users\daisl\Documents\Tullio\PARALLEL\MISSDC_EXPERIMENTS\data\ncvoter\MNAR\0.05\3\clean.csv,C:\Users\daisl\Documents\Tullio\PARALLEL\MISSDC_EXPERIMENTS\data\ncvoter\MNAR\0.05\3\dirty.csv,C:\Users\daisl\Documents\Tullio\PARALLEL\MISSDC_EXPERIMENTS\data\ncvoter\MNAR\0.05\3\dirty_imputed.csv,,
HYPERIMPUTE,2026-06-11T23:58:08,ok,ncvoter,MNAR,15,0.05,4,0.4,0.4,0.4,7485,0,,382.869,1.1854,C:\Users\daisl\Documents\Tullio\PARALLEL\MISSDC_EXPERIMENTS\data\ncvoter\MNAR\0.05\4\clean.csv,C:\Users\daisl\Documents\Tullio\PARALLEL\MISSDC_EXPERIMENTS\data\ncvoter\MNAR\0.05\4\dirty.csv,C:\Users\daisl\Documents\Tullio\PARALLEL\MISSDC_EXPERIMENTS\data\ncvoter\MNAR\0.05\4\dirty_imputed.csv,,
HYPERIMPUTE,2026-06-12T00:04:32,ok,ncvoter,MNAR,15,0.05,5,0.4,0.4,0.4,7485,0,,456.623,1.212,C:\Users\daisl\Documents\Tullio\PARALLEL\MISSDC_EXPERIMENTS\data\ncvoter\MNAR\0.05\5\clean.csv,C:\Users\daisl\Documents\Tullio\PARALLEL\MISSDC_EXPERIMENTS\data\ncvoter\MNAR\0.05\5\dirty.csv,C:\Users\daisl\Documents\Tullio\PARALLEL\MISSDC_EXPERIMENTS\data\ncvoter\MNAR\0.05\5\dirty_imputed.csv,,
HYPERIMPUTE,2026-06-12T00:12:10,ok,ncvoter,MNAR,15,0.1,1,0.3564,0.3564,0.3564,14985,0,,705.0758,1.1492,C:\Users\daisl\Documents\Tullio\PARALLEL\MISSDC_EXPERIMENTS\data\ncvoter\MNAR\0.1\1\clean.csv,C:\Users\daisl\Documents\Tullio\PARALLEL\MISSDC_EXPERIMENTS\data\ncvoter\MNAR\0.1\1\dirty.csv,C:\Users\daisl\Documents\Tullio\PARALLEL\MISSDC_EXPERIMENTS\data\ncvoter\MNAR\0.1\1\dirty_imputed.csv,,
HYPERIMPUTE,2026-06-12T00:23:56,ok,ncvoter,MNAR,15,0.1,2,0.3333,0.3333,0.3333,14985,0,,307.9466,1.3763,C:\Users\daisl\Documents\Tullio\PARALLEL\MISSDC_EXPERIMENTS\data\ncvoter\MNAR\0.1\2\clean.csv,C:\Users\daisl\Documents\Tullio\PARALLEL\MISSDC_EXPERIMENTS\data\ncvoter\MNAR\0.1\2\dirty.csv,C:\Users\daisl\Documents\Tullio\PARALLEL\MISSDC_EXPERIMENTS\data\ncvoter\MNAR\0.1\2\dirty_imputed.csv,,
HYPERIMPUTE,2026-06-12T00:29:06,ok,ncvoter,MNAR,15,0.1,3,0.2388,0.2388,0.2388,14985,0,,620.7452,1.3904,C:\Users\daisl\Documents\Tullio\PARALLEL\MISSDC_EXPERIMENTS\data\ncvoter\MNAR\0.1\3\clean.csv,C:\Users\daisl\Documents\Tullio\PARALLEL\MISSDC_EXPERIMENTS\data\ncvoter\MNAR\0.1\3\dirty.csv,C:\Users\daisl\Documents\Tullio\PARALLEL\MISSDC_EXPERIMENTS\data\ncvoter\MNAR\0.1\3\dirty_imputed.csv,,
HYPERIMPUTE,2026-06-12T00:39:28,ok,ncvoter,MNAR,15,0.1,4,0.4123,0.4123,0.4123,14985,0,,413.5273,1.5029,C:\Users\daisl\Documents\Tullio\PARALLEL\MISSDC_EXPERIMENTS\data\ncvoter\MNAR\0.1\4\clean.csv,C:\Users\daisl\Documents\Tullio\PARALLEL\MISSDC_EXPERIMENTS\data\ncvoter\MNAR\0.1\4\dirty.csv,C:\Users\daisl\Documents\Tullio\PARALLEL\MISSDC_EXPERIMENTS\data\ncvoter\MNAR\0.1\4\dirty_imputed.csv,,
HYPERIMPUTE,2026-06-12T00:46:23,ok,ncvoter,MNAR,15,0.1,5,0.3086,0.3086,0.3086,14985,0,,347.6043,1.3774,C:\Users\daisl\Documents\Tullio\PARALLEL\MISSDC_EXPERIMENTS\data\ncvoter\MNAR\0.1\5\clean.csv,C:\Users\daisl\Documents\Tullio\PARALLEL\MISSDC_EXPERIMENTS\data\ncvoter\MNAR\0.1\5\dirty.csv,C:\Users\daisl\Documents\Tullio\PARALLEL\MISSDC_EXPERIMENTS\data\ncvoter\MNAR\0.1\5\dirty_imputed.csv,,
HYPERIMPUTE,2026-06-12T00:52:12,ok,ncvoter,MNAR,15,0.15,1,0.2103,0.2103,0.2103,22485,0,,337.2901,1.2961,C:\Users\daisl\Documents\Tullio\PARALLEL\MISSDC_EXPERIMENTS\data\ncvoter\MNAR\0.15\1\clean.csv,C:\Users\daisl\Documents\Tullio\PARALLEL\MISSDC_EXPERIMENTS\data\ncvoter\MNAR\0.15\1\dirty.csv,C:\Users\daisl\Documents\Tullio\PARALLEL\MISSDC_EXPERIMENTS\data\ncvoter\MNAR\0.15\1\dirty_imputed.csv,,
HYPERIMPUTE,2026-06-12T00:57:51,ok,ncvoter,MNAR,15,0.15,2,0.2183,0.2183,0.2183,22485,0,,1029.5624,1.5802,C:\Users\daisl\Documents\Tullio\PARALLEL\MISSDC_EXPERIMENTS\data\ncvoter\MNAR\0.15\2\clean.csv,C:\Users\daisl\Documents\Tullio\PARALLEL\MISSDC_EXPERIMENTS\data\ncvoter\MNAR\0.15\2\dirty.csv,C:\Users\daisl\Documents\Tullio\PARALLEL\MISSDC_EXPERIMENTS\data\ncvoter\MNAR\0.15\2\dirty_imputed.csv,,
HYPERIMPUTE,2026-06-12T01:15:02,ok,ncvoter,MNAR,15,0.15,3,0.2,0.2,0.2,22485,0,,343.9016,1.5464,C:\Users\daisl\Documents\Tullio\PARALLEL\MISSDC_EXPERIMENTS\data\ncvoter\MNAR\0.15\3\clean.csv,C:\Users\daisl\Documents\Tullio\PARALLEL\MISSDC_EXPERIMENTS\data\ncvoter\MNAR\0.15\3\dirty.csv,C:\Users\daisl\Documents\Tullio\PARALLEL\MISSDC_EXPERIMENTS\data\ncvoter\MNAR\0.15\3\dirty_imputed.csv,,
HYPERIMPUTE,2026-06-12T01:20:47,ok,ncvoter,MNAR,15,0.15,4,0.2666,0.2666,0.2666,22485,0,,458.841,1.601,C:\Users\daisl\Documents\Tullio\PARALLEL\MISSDC_EXPERIMENTS\data\ncvoter\MNAR\0.15\4\clean.csv,C:\Users\daisl\Documents\Tullio\PARALLEL\MISSDC_EXPERIMENTS\data\ncvoter\MNAR\0.15\4\dirty.csv,C:\Users\daisl\Documents\Tullio\PARALLEL\MISSDC_EXPERIMENTS\data\ncvoter\MNAR\0.15\4\dirty_imputed.csv,,
HYPERIMPUTE,2026-06-12T01:28:28,ok,ncvoter,MNAR,15,0.15,5,0.2256,0.2256,0.2256,22485,0,,393.4258,1.6136,C:\Users\daisl\Documents\Tullio\PARALLEL\MISSDC_EXPERIMENTS\data\ncvoter\MNAR\0.15\5\clean.csv,C:\Users\daisl\Documents\Tullio\PARALLEL\MISSDC_EXPERIMENTS\data\ncvoter\MNAR\0.15\5\dirty.csv,C:\Users\daisl\Documents\Tullio\PARALLEL\MISSDC_EXPERIMENTS\data\ncvoter\MNAR\0.15\5\dirty_imputed.csv,,
HYPERIMPUTE,2026-06-12T01:35:03,ok,ncvoter,MNAR,15,0.2,1,0.1935,0.1935,0.1935,29985,0,,275.6683,1.6224,C:\Users\daisl\Documents\Tullio\PARALLEL\MISSDC_EXPERIMENTS\data\ncvoter\MNAR\0.2\1\clean.csv,C:\Users\daisl\Documents\Tullio\PARALLEL\MISSDC_EXPERIMENTS\data\ncvoter\MNAR\0.2\1\dirty.csv,C:\Users\daisl\Documents\Tullio\PARALLEL\MISSDC_EXPERIMENTS\data\ncvoter\MNAR\0.2\1\dirty_imputed.csv,,
HYPERIMPUTE,2026-06-12T01:39:40,ok,ncvoter,MNAR,15,0.2,2,0.2349,0.2349,0.2349,29985,0,,453.1552,1.4637,C:\Users\daisl\Documents\Tullio\PARALLEL\MISSDC_EXPERIMENTS\data\ncvoter\MNAR\0.2\2\clean.csv,C:\Users\daisl\Documents\Tullio\PARALLEL\MISSDC_EXPERIMENTS\data\ncvoter\MNAR\0.2\2\dirty.csv,C:\Users\daisl\Documents\Tullio\PARALLEL\MISSDC_EXPERIMENTS\data\ncvoter\MNAR\0.2\2\dirty_imputed.csv,,
HYPERIMPUTE,2026-06-12T01:47:15,ok,ncvoter,MNAR,15,0.2,3,0.2788,0.2788,0.2788,29985,0,,643.2552,1.8101,C:\Users\daisl\Documents\Tullio\PARALLEL\MISSDC_EXPERIMENTS\data\ncvoter\MNAR\0.2\3\clean.csv,C:\Users\daisl\Documents\Tullio\PARALLEL\MISSDC_EXPERIMENTS\data\ncvoter\MNAR\0.2\3\dirty.csv,C:\Users\daisl\Documents\Tullio\PARALLEL\MISSDC_EXPERIMENTS\data\ncvoter\MNAR\0.2\3\dirty_imputed.csv,,
HYPERIMPUTE,2026-06-12T01:58:00,ok,ncvoter,MNAR,15,0.2,4,0.1373,0.1373,0.1373,29985,0,,410.4794,1.8217,C:\Users\daisl\Documents\Tullio\PARALLEL\MISSDC_EXPERIMENTS\data\ncvoter\MNAR\0.2\4\clean.csv,C:\Users\daisl\Documents\Tullio\PARALLEL\MISSDC_EXPERIMENTS\data\ncvoter\MNAR\0.2\4\dirty.csv,C:\Users\daisl\Documents\Tullio\PARALLEL\MISSDC_EXPERIMENTS\data\ncvoter\MNAR\0.2\4\dirty_imputed.csv,,
HYPERIMPUTE,2026-06-12T02:04:52,ok,ncvoter,MNAR,15,0.2,5,0.3186,0.3186,0.3186,29985,0,,448.5138,1.8387,C:\Users\daisl\Documents\Tullio\PARALLEL\MISSDC_EXPERIMENTS\data\ncvoter\MNAR\0.2\5\clean.csv,C:\Users\daisl\Documents\Tullio\PARALLEL\MISSDC_EXPERIMENTS\data\ncvoter\MNAR\0.2\5\dirty.csv,C:\Users\daisl\Documents\Tullio\PARALLEL\MISSDC_EXPERIMENTS\data\ncvoter\MNAR\0.2\5\dirty_imputed.csv,,
HYPERIMPUTE,2026-06-12T02:12:23,ok,ncvoter,MNAR,15,0.25,1,0.2236,0.2236,0.2236,37485,0,,372.7834,1.9759,C:\Users\daisl\Documents\Tullio\PARALLEL\MISSDC_EXPERIMENTS\data\ncvoter\MNAR\0.25\1\clean.csv,C:\Users\daisl\Documents\Tullio\PARALLEL\MISSDC_EXPERIMENTS\data\ncvoter\MNAR\0.25\1\dirty.csv,C:\Users\daisl\Documents\Tullio\PARALLEL\MISSDC_EXPERIMENTS\data\ncvoter\MNAR\0.25\1\dirty_imputed.csv,,
HYPERIMPUTE,2026-06-12T02:18:38,ok,ncvoter,MNAR,15,0.25,2,0.2426,0.2426,0.2426,37485,0,,334.0005,1.9638,C:\Users\daisl\Documents\Tullio\PARALLEL\MISSDC_EXPERIMENTS\data\ncvoter\MNAR\0.25\2\clean.csv,C:\Users\daisl\Documents\Tullio\PARALLEL\MISSDC_EXPERIMENTS\data\ncvoter\MNAR\0.25\2\dirty.csv,C:\Users\daisl\Documents\Tullio\PARALLEL\MISSDC_EXPERIMENTS\data\ncvoter\MNAR\0.25\2\dirty_imputed.csv,,
HYPERIMPUTE,2026-06-12T02:24:14,ok,ncvoter,MNAR,15,0.25,3,0.2303,0.2303,0.2303,37485,0,,864.0387,1.7349,C:\Users\daisl\Documents\Tullio\PARALLEL\MISSDC_EXPERIMENTS\data\ncvoter\MNAR\0.25\3\clean.csv,C:\Users\daisl\Documents\Tullio\PARALLEL\MISSDC_EXPERIMENTS\data\ncvoter\MNAR\0.25\3\dirty.csv,C:\Users\daisl\Documents\Tullio\PARALLEL\MISSDC_EXPERIMENTS\data\ncvoter\MNAR\0.25\3\dirty_imputed.csv,,
HYPERIMPUTE,2026-06-12T02:38:39,ok,ncvoter,MNAR,15,0.25,4,0.2964,0.2964,0.2964,37485,0,,419.8326,1.8522,C:\Users\daisl\Documents\Tullio\PARALLEL\MISSDC_EXPERIMENTS\data\ncvoter\MNAR\0.25\4\clean.csv,C:\Users\daisl\Documents\Tullio\PARALLEL\MISSDC_EXPERIMENTS\data\ncvoter\MNAR\0.25\4\dirty.csv,C:\Users\daisl\Documents\Tullio\PARALLEL\MISSDC_EXPERIMENTS\data\ncvoter\MNAR\0.25\4\dirty_imputed.csv,,
HYPERIMPUTE,2026-06-12T02:45:41,ok,ncvoter,MNAR,15,0.25,5,0.2501,0.2501,0.2501,37485,0,,557.4742,1.9561,C:\Users\daisl\Documents\Tullio\PARALLEL\MISSDC_EXPERIMENTS\data\ncvoter\MNAR\0.25\5\clean.csv,C:\Users\daisl\Documents\Tullio\PARALLEL\MISSDC_EXPERIMENTS\data\ncvoter\MNAR\0.25\5\dirty.csv,C:\Users\daisl\Documents\Tullio\PARALLEL\MISSDC_EXPERIMENTS\data\ncvoter\MNAR\0.25\5\dirty_imputed.csv,,
HYPERIMPUTE,2026-06-12T02:55:01,ok,ncvoter,MNAR,15,0.3,1,0.2458,0.2458,0.2458,44985,0,,1952.9096,2.2305,C:\Users\daisl\Documents\Tullio\PARALLEL\MISSDC_EXPERIMENTS\data\ncvoter\MNAR\0.3\1\clean.csv,C:\Users\daisl\Documents\Tullio\PARALLEL\MISSDC_EXPERIMENTS\data\ncvoter\MNAR\0.3\1\dirty.csv,C:\Users\daisl\Documents\Tullio\PARALLEL\MISSDC_EXPERIMENTS\data\ncvoter\MNAR\0.3\1\dirty_imputed.csv,,
HYPERIMPUTE,2026-06-12T03:27:36,ok,ncvoter,MNAR,15,0.3,2,0.3517,0.3517,0.3517,44985,0,,592.7517,1.707,C:\Users\daisl\Documents\Tullio\PARALLEL\MISSDC_EXPERIMENTS\data\ncvoter\MNAR\0.3\2\clean.csv,C:\Users\daisl\Documents\Tullio\PARALLEL\MISSDC_EXPERIMENTS\data\ncvoter\MNAR\0.3\2\dirty.csv,C:\Users\daisl\Documents\Tullio\PARALLEL\MISSDC_EXPERIMENTS\data\ncvoter\MNAR\0.3\2\dirty_imputed.csv,,
HYPERIMPUTE,2026-06-12T03:37:30,ok,ncvoter,MNAR,15,0.3,3,0.2267,0.2267,0.2267,44985,0,,324.6631,1.7468,C:\Users\daisl\Documents\Tullio\PARALLEL\MISSDC_EXPERIMENTS\data\ncvoter\MNAR\0.3\3\clean.csv,C:\Users\daisl\Documents\Tullio\PARALLEL\MISSDC_EXPERIMENTS\data\ncvoter\MNAR\0.3\3\dirty.csv,C:\Users\daisl\Documents\Tullio\PARALLEL\MISSDC_EXPERIMENTS\data\ncvoter\MNAR\0.3\3\dirty_imputed.csv,,
HYPERIMPUTE,2026-06-12T03:42:57,ok,ncvoter,MNAR,15,0.3,4,0.2518,0.2518,0.2518,44985,0,,493.2284,2.193,C:\Users\daisl\Documents\Tullio\PARALLEL\MISSDC_EXPERIMENTS\data\ncvoter\MNAR\0.3\4\clean.csv,C:\Users\daisl\Documents\Tullio\PARALLEL\MISSDC_EXPERIMENTS\data\ncvoter\MNAR\0.3\4\dirty.csv,C:\Users\daisl\Documents\Tullio\PARALLEL\MISSDC_EXPERIMENTS\data\ncvoter\MNAR\0.3\4\dirty_imputed.csv,,
HYPERIMPUTE,2026-06-12T03:51:12,ok,ncvoter,MNAR,15,0.3,5,0.2528,0.2528,0.2528,44985,0,,481.5895,2.1687,C:\Users\daisl\Documents\Tullio\PARALLEL\MISSDC_EXPERIMENTS\data\ncvoter\MNAR\0.3\5\clean.csv,C:\Users\daisl\Documents\Tullio\PARALLEL\MISSDC_EXPERIMENTS\data\ncvoter\MNAR\0.3\5\dirty.csv,C:\Users\daisl\Documents\Tullio\PARALLEL\MISSDC_EXPERIMENTS\data\ncvoter\MNAR\0.3\5\dirty_imputed.csv,,
HYPERIMPUTE,2026-06-12T03:59:16,ok,tax,MAR,15,0.01,1,0.1367,0.1367,0.1367,1485,0,,2324.3583,0.9772,C:\Users\daisl\Documents\Tullio\PARALLEL\MISSDC_EXPERIMENTS\data\tax\MAR\0.01\1\clean.csv,C:\Users\daisl\Documents\Tullio\PARALLEL\MISSDC_EXPERIMENTS\data\tax\MAR\0.01\1\dirty.csv,C:\Users\daisl\Documents\Tullio\PARALLEL\MISSDC_EXPERIMENTS\data\tax\MAR\0.01\1\dirty_imputed.csv,,
HYPERIMPUTE,2026-06-12T04:38:01,ok,tax,MAR,15,0.01,2,0.1064,0.1064,0.1064,1485,0,,2625.1658,1.0866,C:\Users\daisl\Documents\Tullio\PARALLEL\MISSDC_EXPERIMENTS\data\tax\MAR\0.01\2\clean.csv,C:\Users\daisl\Documents\Tullio\PARALLEL\MISSDC_EXPERIMENTS\data\tax\MAR\0.01\2\dirty.csv,C:\Users\daisl\Documents\Tullio\PARALLEL\MISSDC_EXPERIMENTS\data\tax\MAR\0.01\2\dirty_imputed.csv,,
HYPERIMPUTE,2026-06-12T05:21:48,ok,tax,MAR,15,0.01,3,0.0747,0.0747,0.0747,1485,0,,2137.7907,1.0774,C:\Users\daisl\Documents\Tullio\PARALLEL\MISSDC_EXPERIMENTS\data\tax\MAR\0.01\3\clean.csv,C:\Users\daisl\Documents\Tullio\PARALLEL\MISSDC_EXPERIMENTS\data\tax\MAR\0.01\3\dirty.csv,C:\Users\daisl\Documents\Tullio\PARALLEL\MISSDC_EXPERIMENTS\data\tax\MAR\0.01\3\dirty_imputed.csv,,
HYPERIMPUTE,2026-06-12T05:57:27,ok,tax,MAR,15,0.01,4,0.1118,0.1118,0.1118,1485,0,,5544.6497,1.1326,C:\Users\daisl\Documents\Tullio\PARALLEL\MISSDC_EXPERIMENTS\data\tax\MAR\0.01\4\clean.csv,C:\Users\daisl\Documents\Tullio\PARALLEL\MISSDC_EXPERIMENTS\data\tax\MAR\0.01\4\dirty.csv,C:\Users\daisl\Documents\Tullio\PARALLEL\MISSDC_EXPERIMENTS\data\tax\MAR\0.01\4\dirty_imputed.csv,,
HYPERIMPUTE,2026-06-12T07:29:52,ok,tax,MAR,15,0.01,5,0.0815,0.0815,0.0815,1485,0,,2504.4897,1.0345,C:\Users\daisl\Documents\Tullio\PARALLEL\MISSDC_EXPERIMENTS\data\tax\MAR\0.01\5\clean.csv,C:\Users\daisl\Documents\Tullio\PARALLEL\MISSDC_EXPERIMENTS\data\tax\MAR\0.01\5\dirty.csv,C:\Users\daisl\Documents\Tullio\PARALLEL\MISSDC_EXPERIMENTS\data\tax\MAR\0.01\5\dirty_imputed.csv,,
HYPERIMPUTE,2026-06-12T08:11:38,ok,tax,MAR,15,0.05,1,0.1094,0.1094,0.1094,7485,0,,1744.5166,1.172,C:\Users\daisl\Documents\Tullio\PARALLEL\MISSDC_EXPERIMENTS\data\tax\MAR\0.05\1\clean.csv,C:\Users\daisl\Documents\Tullio\PARALLEL\MISSDC_EXPERIMENTS\data\tax\MAR\0.05\1\dirty.csv,C:\Users\daisl\Documents\Tullio\PARALLEL\MISSDC_EXPERIMENTS\data\tax\MAR\0.05\1\dirty_imputed.csv,,
HYPERIMPUTE,2026-06-12T08:40:44,ok,tax,MAR,15,0.05,2,0.1027,0.1027,0.1027,7485,0,,2050.5106,1.122,C:\Users\daisl\Documents\Tullio\PARALLEL\MISSDC_EXPERIMENTS\data\tax\MAR\0.05\2\clean.csv,C:\Users\daisl\Documents\Tullio\PARALLEL\MISSDC_EXPERIMENTS\data\tax\MAR\0.05\2\dirty.csv,C:\Users\daisl\Documents\Tullio\PARALLEL\MISSDC_EXPERIMENTS\data\tax\MAR\0.05\2\dirty_imputed.csv,,
HYPERIMPUTE,2026-06-12T09:14:55,ok,tax,MAR,15,0.05,3,0.1121,0.1121,0.1121,7485,0,,1685.077,1.2201,C:\Users\daisl\Documents\Tullio\PARALLEL\MISSDC_EXPERIMENTS\data\tax\MAR\0.05\3\clean.csv,C:\Users\daisl\Documents\Tullio\PARALLEL\MISSDC_EXPERIMENTS\data\tax\MAR\0.05\3\dirty.csv,C:\Users\daisl\Documents\Tullio\PARALLEL\MISSDC_EXPERIMENTS\data\tax\MAR\0.05\3\dirty_imputed.csv,,
HYPERIMPUTE,2026-06-12T09:43:02,ok,tax,MAR,15,0.05,4,0.1125,0.1125,0.1125,7485,0,,2008.5032,1.3654,C:\Users\daisl\Documents\Tullio\PARALLEL\MISSDC_EXPERIMENTS\data\tax\MAR\0.05\4\clean.csv,C:\Users\daisl\Documents\Tullio\PARALLEL\MISSDC_EXPERIMENTS\data\tax\MAR\0.05\4\dirty.csv,C:\Users\daisl\Documents\Tullio\PARALLEL\MISSDC_EXPERIMENTS\data\tax\MAR\0.05\4\dirty_imputed.csv,,
HYPERIMPUTE,2026-06-12T10:16:32,ok,tax,MAR,15,0.05,5,0.1067,0.1067,0.1067,7485,0,,2387.0165,1.0355,C:\Users\daisl\Documents\Tullio\PARALLEL\MISSDC_EXPERIMENTS\data\tax\MAR\0.05\5\clean.csv,C:\Users\daisl\Documents\Tullio\PARALLEL\MISSDC_EXPERIMENTS\data\tax\MAR\0.05\5\dirty.csv,C:\Users\daisl\Documents\Tullio\PARALLEL\MISSDC_EXPERIMENTS\data\tax\MAR\0.05\5\dirty_imputed.csv,,
HYPERIMPUTE,2026-06-12T10:56:20,ok,tax,MAR,15,0.1,1,0.108,0.108,0.108,14985,0,,4421.5915,1.5272,C:\Users\daisl\Documents\Tullio\PARALLEL\MISSDC_EXPERIMENTS\data\tax\MAR\0.1\1\clean.csv,C:\Users\daisl\Documents\Tullio\PARALLEL\MISSDC_EXPERIMENTS\data\tax\MAR\0.1\1\dirty.csv,C:\Users\daisl\Documents\Tullio\PARALLEL\MISSDC_EXPERIMENTS\data\tax\MAR\0.1\1\dirty_imputed.csv,,
HYPERIMPUTE,2026-06-12T12:10:03,ok,tax,MAR,15,0.1,2,0.1257,0.1257,0.1257,14985,0,,1991.8787,1.2715,C:\Users\daisl\Documents\Tullio\PARALLEL\MISSDC_EXPERIMENTS\data\tax\MAR\0.1\2\clean.csv,C:\Users\daisl\Documents\Tullio\PARALLEL\MISSDC_EXPERIMENTS\data\tax\MAR\0.1\2\dirty.csv,C:\Users\daisl\Documents\Tullio\PARALLEL\MISSDC_EXPERIMENTS\data\tax\MAR\0.1\2\dirty_imputed.csv,,
HYPERIMPUTE,2026-06-12T12:43:16,ok,tax,MAR,15,0.1,3,0.1038,0.1038,0.1038,14985,0,,2537.9917,1.5148,C:\Users\daisl\Documents\Tullio\PARALLEL\MISSDC_EXPERIMENTS\data\tax\MAR\0.1\3\clean.csv,C:\Users\daisl\Documents\Tullio\PARALLEL\MISSDC_EXPERIMENTS\data\tax\MAR\0.1\3\dirty.csv,C:\Users\daisl\Documents\Tullio\PARALLEL\MISSDC_EXPERIMENTS\data\tax\MAR\0.1\3\dirty_imputed.csv,,
HYPERIMPUTE,2026-06-12T13:25:36,ok,tax,MAR,15,0.1,4,0.1055,0.1055,0.1055,14985,0,,4205.1714,1.5783,C:\Users\daisl\Documents\Tullio\PARALLEL\MISSDC_EXPERIMENTS\data\tax\MAR\0.1\4\clean.csv,C:\Users\daisl\Documents\Tullio\PARALLEL\MISSDC_EXPERIMENTS\data\tax\MAR\0.1\4\dirty.csv,C:\Users\daisl\Documents\Tullio\PARALLEL\MISSDC_EXPERIMENTS\data\tax\MAR\0.1\4\dirty_imputed.csv,,
HYPERIMPUTE,2026-06-12T14:35:42,ok,tax,MAR,15,0.1,5,0.1105,0.1105,0.1105,14985,0,,1620.9525,1.4727,C:\Users\daisl\Documents\Tullio\PARALLEL\MISSDC_EXPERIMENTS\data\tax\MAR\0.1\5\clean.csv,C:\Users\daisl\Documents\Tullio\PARALLEL\MISSDC_EXPERIMENTS\data\tax\MAR\0.1\5\dirty.csv,C:\Users\daisl\Documents\Tullio\PARALLEL\MISSDC_EXPERIMENTS\data\tax\MAR\0.1\5\dirty_imputed.csv,,
HYPERIMPUTE,2026-06-12T15:02:45,ok,tax,MAR,15,0.15,1,0.105,0.105,0.105,22485,0,,2329.8289,1.5847,C:\Users\daisl\Documents\Tullio\PARALLEL\MISSDC_EXPERIMENTS\data\tax\MAR\0.15\1\clean.csv,C:\Users\daisl\Documents\Tullio\PARALLEL\MISSDC_EXPERIMENTS\data\tax\MAR\0.15\1\dirty.csv,C:\Users\daisl\Documents\Tullio\PARALLEL\MISSDC_EXPERIMENTS\data\tax\MAR\0.15\1\dirty_imputed.csv,,
HYPERIMPUTE,2026-06-12T15:41:36,ok,tax,MAR,15,0.15,2,0.1087,0.1087,0.1087,22485,0,,2192.0886,1.6056,C:\Users\daisl\Documents\Tullio\PARALLEL\MISSDC_EXPERIMENTS\data\tax\MAR\0.15\2\clean.csv,C:\Users\daisl\Documents\Tullio\PARALLEL\MISSDC_EXPERIMENTS\data\tax\MAR\0.15\2\dirty.csv,C:\Users\daisl\Documents\Tullio\PARALLEL\MISSDC_EXPERIMENTS\data\tax\MAR\0.15\2\dirty_imputed.csv,,
HYPERIMPUTE,2026-06-12T16:18:10,ok,tax,MAR,15,0.15,3,0.1087,0.1087,0.1087,22485,0,,2537.8563,1.3511,C:\Users\daisl\Documents\Tullio\PARALLEL\MISSDC_EXPERIMENTS\data\tax\MAR\0.15\3\clean.csv,C:\Users\daisl\Documents\Tullio\PARALLEL\MISSDC_EXPERIMENTS\data\tax\MAR\0.15\3\dirty.csv,C:\Users\daisl\Documents\Tullio\PARALLEL\MISSDC_EXPERIMENTS\data\tax\MAR\0.15\3\dirty_imputed.csv,,
HYPERIMPUTE,2026-06-12T17:00:29,ok,tax,MAR,15,0.15,4,0.0699,0.0699,0.0699,22485,0,,2686.817,1.535,C:\Users\daisl\Documents\Tullio\PARALLEL\MISSDC_EXPERIMENTS\data\tax\MAR\0.15\4\clean.csv,C:\Users\daisl\Documents\Tullio\PARALLEL\MISSDC_EXPERIMENTS\data\tax\MAR\0.15\4\dirty.csv,C:\Users\daisl\Documents\Tullio\PARALLEL\MISSDC_EXPERIMENTS\data\tax\MAR\0.15\4\dirty_imputed.csv,,
HYPERIMPUTE,2026-06-12T17:45:18,ok,tax,MAR,15,0.15,5,0.0999,0.0999,0.0999,22485,0,,1648.4161,1.5691,C:\Users\daisl\Documents\Tullio\PARALLEL\MISSDC_EXPERIMENTS\data\tax\MAR\0.15\5\clean.csv,C:\Users\daisl\Documents\Tullio\PARALLEL\MISSDC_EXPERIMENTS\data\tax\MAR\0.15\5\dirty.csv,C:\Users\daisl\Documents\Tullio\PARALLEL\MISSDC_EXPERIMENTS\data\tax\MAR\0.15\5\dirty_imputed.csv,,
HYPERIMPUTE,2026-06-12T18:12:48,ok,tax,MAR,15,0.2,1,0.1098,0.1098,0.1098,29985,0,,1707.5309,1.5495,C:\Users\daisl\Documents\Tullio\PARALLEL\MISSDC_EXPERIMENTS\data\tax\MAR\0.2\1\clean.csv,C:\Users\daisl\Documents\Tullio\PARALLEL\MISSDC_EXPERIMENTS\data\tax\MAR\0.2\1\dirty.csv,C:\Users\daisl\Documents\Tullio\PARALLEL\MISSDC_EXPERIMENTS\data\tax\MAR\0.2\1\dirty_imputed.csv,,
HYPERIMPUTE,2026-06-12T18:41:17,ok,tax,MAR,15,0.2,2,0.1043,0.1043,0.1043,29985,0,,1923.2479,1.8588,C:\Users\daisl\Documents\Tullio\PARALLEL\MISSDC_EXPERIMENTS\data\tax\MAR\0.2\2\clean.csv,C:\Users\daisl\Documents\Tullio\PARALLEL\MISSDC_EXPERIMENTS\data\tax\MAR\0.2\2\dirty.csv,C:\Users\daisl\Documents\Tullio\PARALLEL\MISSDC_EXPERIMENTS\data\tax\MAR\0.2\2\dirty_imputed.csv,,
HYPERIMPUTE,2026-06-12T19:13:22,ok,tax,MAR,15,0.2,3,0.1039,0.1039,0.1039,29985,0,,1874.6097,1.9171,C:\Users\daisl\Documents\Tullio\PARALLEL\MISSDC_EXPERIMENTS\data\tax\MAR\0.2\3\clean.csv,C:\Users\daisl\Documents\Tullio\PARALLEL\MISSDC_EXPERIMENTS\data\tax\MAR\0.2\3\dirty.csv,C:\Users\daisl\Documents\Tullio\PARALLEL\MISSDC_EXPERIMENTS\data\tax\MAR\0.2\3\dirty_imputed.csv,,
HYPERIMPUTE,2026-06-12T19:44:38,ok,tax,MAR,15,0.2,4,0.1065,0.1065,0.1065,29985,0,,2981.1491,1.8939,C:\Users\daisl\Documents\Tullio\PARALLEL\MISSDC_EXPERIMENTS\data\tax\MAR\0.2\4\clean.csv,C:\Users\daisl\Documents\Tullio\PARALLEL\MISSDC_EXPERIMENTS\data\tax\MAR\0.2\4\dirty.csv,C:\Users\daisl\Documents\Tullio\PARALLEL\MISSDC_EXPERIMENTS\data\tax\MAR\0.2\4\dirty_imputed.csv,,
HYPERIMPUTE,2026-06-12T20:34:22,ok,tax,MAR,15,0.2,5,0.1086,0.1086,0.1086,29985,0,,1725.1047,1.5953,C:\Users\daisl\Documents\Tullio\PARALLEL\MISSDC_EXPERIMENTS\data\tax\MAR\0.2\5\clean.csv,C:\Users\daisl\Documents\Tullio\PARALLEL\MISSDC_EXPERIMENTS\data\tax\MAR\0.2\5\dirty.csv,C:\Users\daisl\Documents\Tullio\PARALLEL\MISSDC_EXPERIMENTS\data\tax\MAR\0.2\5\dirty_imputed.csv,,
HYPERIMPUTE,2026-06-12T21:03:08,ok,tax,MAR,15,0.25,1,0.1091,0.1091,0.1091,37485,0,,1125.4191,1.9668,C:\Users\daisl\Documents\Tullio\PARALLEL\MISSDC_EXPERIMENTS\data\tax\MAR\0.25\1\clean.csv,C:\Users\daisl\Documents\Tullio\PARALLEL\MISSDC_EXPERIMENTS\data\tax\MAR\0.25\1\dirty.csv,C:\Users\daisl\Documents\Tullio\PARALLEL\MISSDC_EXPERIMENTS\data\tax\MAR\0.25\1\dirty_imputed.csv,,
HYPERIMPUTE,2026-06-12T21:21:56,ok,tax,MAR,15,0.25,2,0.1083,0.1083,0.1083,37485,0,,1350.7141,1.6784,C:\Users\daisl\Documents\Tullio\PARALLEL\MISSDC_EXPERIMENTS\data\tax\MAR\0.25\2\clean.csv,C:\Users\daisl\Documents\Tullio\PARALLEL\MISSDC_EXPERIMENTS\data\tax\MAR\0.25\2\dirty.csv,C:\Users\daisl\Documents\Tullio\PARALLEL\MISSDC_EXPERIMENTS\data\tax\MAR\0.25\2\dirty_imputed.csv,,
HYPERIMPUTE,2026-06-12T21:44:28,ok,tax,MAR,15,0.25,3,0.1055,0.1055,0.1055,37485,0,,1873.7037,2.1213,C:\Users\daisl\Documents\Tullio\PARALLEL\MISSDC_EXPERIMENTS\data\tax\MAR\0.25\3\clean.csv,C:\Users\daisl\Documents\Tullio\PARALLEL\MISSDC_EXPERIMENTS\data\tax\MAR\0.25\3\dirty.csv,C:\Users\daisl\Documents\Tullio\PARALLEL\MISSDC_EXPERIMENTS\data\tax\MAR\0.25\3\dirty_imputed.csv,,
HYPERIMPUTE,2026-06-12T22:15:44,ok,tax,MAR,15,0.25,4,0.1053,0.1053,0.1053,37485,0,,1839.9266,2.203,C:\Users\daisl\Documents\Tullio\PARALLEL\MISSDC_EXPERIMENTS\data\tax\MAR\0.25\4\clean.csv,C:\Users\daisl\Documents\Tullio\PARALLEL\MISSDC_EXPERIMENTS\data\tax\MAR\0.25\4\dirty.csv,C:\Users\daisl\Documents\Tullio\PARALLEL\MISSDC_EXPERIMENTS\data\tax\MAR\0.25\4\dirty_imputed.csv,,
HYPERIMPUTE,2026-06-12T22:46:26,ok,tax,MAR,15,0.25,5,0.0751,0.0751,0.0751,37485,0,,2333.753,2.026,C:\Users\daisl\Documents\Tullio\PARALLEL\MISSDC_EXPERIMENTS\data\tax\MAR\0.25\5\clean.csv,C:\Users\daisl\Documents\Tullio\PARALLEL\MISSDC_EXPERIMENTS\data\tax\MAR\0.25\5\dirty.csv,C:\Users\daisl\Documents\Tullio\PARALLEL\MISSDC_EXPERIMENTS\data\tax\MAR\0.25\5\dirty_imputed.csv,,
HYPERIMPUTE,2026-06-12T23:25:22,ok,tax,MAR,15,0.3,1,0.1098,0.1098,0.1098,44985,0,,1930.7808,2.2483,C:\Users\daisl\Documents\Tullio\PARALLEL\MISSDC_EXPERIMENTS\data\tax\MAR\0.3\1\clean.csv,C:\Users\daisl\Documents\Tullio\PARALLEL\MISSDC_EXPERIMENTS\data\tax\MAR\0.3\1\dirty.csv,C:\Users\daisl\Documents\Tullio\PARALLEL\MISSDC_EXPERIMENTS\data\tax\MAR\0.3\1\dirty_imputed.csv,,
HYPERIMPUTE,2026-06-12T23:57:35,ok,tax,MAR,15,0.3,2,0.1076,0.1076,0.1076,44985,0,,3033.0497,1.8754,C:\Users\daisl\Documents\Tullio\PARALLEL\MISSDC_EXPERIMENTS\data\tax\MAR\0.3\2\clean.csv,C:\Users\daisl\Documents\Tullio\PARALLEL\MISSDC_EXPERIMENTS\data\tax\MAR\0.3\2\dirty.csv,C:\Users\daisl\Documents\Tullio\PARALLEL\MISSDC_EXPERIMENTS\data\tax\MAR\0.3\2\dirty_imputed.csv,,
HYPERIMPUTE,2026-06-13T00:48:10,ok,tax,MAR,15,0.3,3,0.1043,0.1043,0.1043,44985,0,,1653.6843,2.2835,C:\Users\daisl\Documents\Tullio\PARALLEL\MISSDC_EXPERIMENTS\data\tax\MAR\0.3\3\clean.csv,C:\Users\daisl\Documents\Tullio\PARALLEL\MISSDC_EXPERIMENTS\data\tax\MAR\0.3\3\dirty.csv,C:\Users\daisl\Documents\Tullio\PARALLEL\MISSDC_EXPERIMENTS\data\tax\MAR\0.3\3\dirty_imputed.csv,,
HYPERIMPUTE,2026-06-13T01:15:46,ok,tax,MAR,15,0.3,4,0.1049,0.1049,0.1049,44985,0,,2280.513,2.1894,C:\Users\daisl\Documents\Tullio\PARALLEL\MISSDC_EXPERIMENTS\data\tax\MAR\0.3\4\clean.csv,C:\Users\daisl\Documents\Tullio\PARALLEL\MISSDC_EXPERIMENTS\data\tax\MAR\0.3\4\dirty.csv,C:\Users\daisl\Documents\Tullio\PARALLEL\MISSDC_EXPERIMENTS\data\tax\MAR\0.3\4\dirty_imputed.csv,,
HYPERIMPUTE,2026-06-13T01:53:49,ok,tax,MAR,15,0.3,5,0.1074,0.1074,0.1074,44985,0,,2638.2405,2.3423,C:\Users\daisl\Documents\Tullio\PARALLEL\MISSDC_EXPERIMENTS\data\tax\MAR\0.3\5\clean.csv,C:\Users\daisl\Documents\Tullio\PARALLEL\MISSDC_EXPERIMENTS\data\tax\MAR\0.3\5\dirty.csv,C:\Users\daisl\Documents\Tullio\PARALLEL\MISSDC_EXPERIMENTS\data\tax\MAR\0.3\5\dirty_imputed.csv,,
HYPERIMPUTE,2026-06-13T02:37:49,ok,tax,MCAR,15,0.01,1,0.0983,0.0983,0.0983,1485,0,,5687.1835,1.0789,C:\Users\daisl\Documents\Tullio\PARALLEL\MISSDC_EXPERIMENTS\data\tax\MCAR\0.01\1\clean.csv,C:\Users\daisl\Documents\Tullio\PARALLEL\MISSDC_EXPERIMENTS\data\tax\MCAR\0.01\1\dirty.csv,C:\Users\daisl\Documents\Tullio\PARALLEL\MISSDC_EXPERIMENTS\data\tax\MCAR\0.01\1\dirty_imputed.csv,,
HYPERIMPUTE,2026-06-13T04:12:38,ok,tax,MCAR,15,0.01,2,0.1145,0.1145,0.1145,1485,0,,5010.7341,0.9547,C:\Users\daisl\Documents\Tullio\PARALLEL\MISSDC_EXPERIMENTS\data\tax\MCAR\0.01\2\clean.csv,C:\Users\daisl\Documents\Tullio\PARALLEL\MISSDC_EXPERIMENTS\data\tax\MCAR\0.01\2\dirty.csv,C:\Users\daisl\Documents\Tullio\PARALLEL\MISSDC_EXPERIMENTS\data\tax\MCAR\0.01\2\dirty_imputed.csv,,
HYPERIMPUTE,2026-06-13T05:36:09,ok,tax,MCAR,15,0.01,3,0.1205,0.1205,0.1205,1485,0,,2752.4303,1.1036,C:\Users\daisl\Documents\Tullio\PARALLEL\MISSDC_EXPERIMENTS\data\tax\MCAR\0.01\3\clean.csv,C:\Users\daisl\Documents\Tullio\PARALLEL\MISSDC_EXPERIMENTS\data\tax\MCAR\0.01\3\dirty.csv,C:\Users\daisl\Documents\Tullio\PARALLEL\MISSDC_EXPERIMENTS\data\tax\MCAR\0.01\3\dirty_imputed.csv,,
HYPERIMPUTE,2026-06-13T06:22:03,ok,tax,MCAR,15,0.01,4,0.1064,0.1064,0.1064,1485,0,,4519.357,0.8681,C:\Users\daisl\Documents\Tullio\PARALLEL\MISSDC_EXPERIMENTS\data\tax\MCAR\0.01\4\clean.csv,C:\Users\daisl\Documents\Tullio\PARALLEL\MISSDC_EXPERIMENTS\data\tax\MCAR\0.01\4\dirty.csv,C:\Users\daisl\Documents\Tullio\PARALLEL\MISSDC_EXPERIMENTS\data\tax\MCAR\0.01\4\dirty_imputed.csv,,
HYPERIMPUTE,2026-06-13T07:37:23,ok,tax,MCAR,15,0.01,5,0.1024,0.1024,0.1024,1485,0,,1454.7519,1.0918,C:\Users\daisl\Documents\Tullio\PARALLEL\MISSDC_EXPERIMENTS\data\tax\MCAR\0.01\5\clean.csv,C:\Users\daisl\Documents\Tullio\PARALLEL\MISSDC_EXPERIMENTS\data\tax\MCAR\0.01\5\dirty.csv,C:\Users\daisl\Documents\Tullio\PARALLEL\MISSDC_EXPERIMENTS\data\tax\MCAR\0.01\5\dirty_imputed.csv,,
HYPERIMPUTE,2026-06-13T08:01:39,ok,tax,MCAR,15,0.05,1,0.111,0.111,0.111,7485,0,,3660.6361,1.2564,C:\Users\daisl\Documents\Tullio\PARALLEL\MISSDC_EXPERIMENTS\data\tax\MCAR\0.05\1\clean.csv,C:\Users\daisl\Documents\Tullio\PARALLEL\MISSDC_EXPERIMENTS\data\tax\MCAR\0.05\1\dirty.csv,C:\Users\daisl\Documents\Tullio\PARALLEL\MISSDC_EXPERIMENTS\data\tax\MCAR\0.05\1\dirty_imputed.csv,,
HYPERIMPUTE,2026-06-13T09:02:41,ok,tax,MCAR,15,0.05,2,0.1067,0.1067,0.1067,7485,0,,2308.2296,1.2814,C:\Users\daisl\Documents\Tullio\PARALLEL\MISSDC_EXPERIMENTS\data\tax\MCAR\0.05\2\clean.csv,C:\Users\daisl\Documents\Tullio\PARALLEL\MISSDC_EXPERIMENTS\data\tax\MCAR\0.05\2\dirty.csv,C:\Users\daisl\Documents\Tullio\PARALLEL\MISSDC_EXPERIMENTS\data\tax\MCAR\0.05\2\dirty_imputed.csv,,
HYPERIMPUTE,2026-06-13T09:41:11,ok,tax,MCAR,15,0.05,3,0.1029,0.1029,0.1029,7485,0,,1096.5302,1.2178,C:\Users\daisl\Documents\Tullio\PARALLEL\MISSDC_EXPERIMENTS\data\tax\MCAR\0.05\3\clean.csv,C:\Users\daisl\Documents\Tullio\PARALLEL\MISSDC_EXPERIMENTS\data\tax\MCAR\0.05\3\dirty.csv,C:\Users\daisl\Documents\Tullio\PARALLEL\MISSDC_EXPERIMENTS\data\tax\MCAR\0.05\3\dirty_imputed.csv,,
HYPERIMPUTE,2026-06-13T09:59:28,ok,tax,MCAR,15,0.05,4,0.1075,0.1075,0.1075,7485,0,,1921.8363,1.2643,C:\Users\daisl\Documents\Tullio\PARALLEL\MISSDC_EXPERIMENTS\data\tax\MCAR\0.05\4\clean.csv,C:\Users\daisl\Documents\Tullio\PARALLEL\MISSDC_EXPERIMENTS\data\tax\MCAR\0.05\4\dirty.csv,C:\Users\daisl\Documents\Tullio\PARALLEL\MISSDC_EXPERIMENTS\data\tax\MCAR\0.05\4\dirty_imputed.csv,,
HYPERIMPUTE,2026-06-13T10:31:31,ok,tax,MCAR,15,0.05,5,0.1062,0.1062,0.1062,7485,0,,1303.1045,1.3018,C:\Users\daisl\Documents\Tullio\PARALLEL\MISSDC_EXPERIMENTS\data\tax\MCAR\0.05\5\clean.csv,C:\Users\daisl\Documents\Tullio\PARALLEL\MISSDC_EXPERIMENTS\data\tax\MCAR\0.05\5\dirty.csv,C:\Users\daisl\Documents\Tullio\PARALLEL\MISSDC_EXPERIMENTS\data\tax\MCAR\0.05\5\dirty_imputed.csv,,
HYPERIMPUTE,2026-06-13T10:53:16,ok,tax,MCAR,15,0.1,1,0.103,0.103,0.103,14985,0,,3680.1867,1.176,C:\Users\daisl\Documents\Tullio\PARALLEL\MISSDC_EXPERIMENTS\data\tax\MCAR\0.1\1\clean.csv,C:\Users\daisl\Documents\Tullio\PARALLEL\MISSDC_EXPERIMENTS\data\tax\MCAR\0.1\1\dirty.csv,C:\Users\daisl\Documents\Tullio\PARALLEL\MISSDC_EXPERIMENTS\data\tax\MCAR\0.1\1\dirty_imputed.csv,,
HYPERIMPUTE,2026-06-13T11:54:37,ok,tax,MCAR,15,0.1,2,0.1069,0.1069,0.1069,14985,0,,1213.6389,1.454,C:\Users\daisl\Documents\Tullio\PARALLEL\MISSDC_EXPERIMENTS\data\tax\MCAR\0.1\2\clean.csv,C:\Users\daisl\Documents\Tullio\PARALLEL\MISSDC_EXPERIMENTS\data\tax\MCAR\0.1\2\dirty.csv,C:\Users\daisl\Documents\Tullio\PARALLEL\MISSDC_EXPERIMENTS\data\tax\MCAR\0.1\2\dirty_imputed.csv,,
HYPERIMPUTE,2026-06-13T12:14:52,ok,tax,MCAR,15,0.1,3,0.1062,0.1062,0.1062,14985,0,,1686.9585,1.48,C:\Users\daisl\Documents\Tullio\PARALLEL\MISSDC_EXPERIMENTS\data\tax\MCAR\0.1\3\clean.csv,C:\Users\daisl\Documents\Tullio\PARALLEL\MISSDC_EXPERIMENTS\data\tax\MCAR\0.1\3\dirty.csv,C:\Users\daisl\Documents\Tullio\PARALLEL\MISSDC_EXPERIMENTS\data\tax\MCAR\0.1\3\dirty_imputed.csv,,
HYPERIMPUTE,2026-06-13T12:43:01,ok,tax,MCAR,15,0.1,4,0.1046,0.1046,0.1046,14985,0,,2197.5099,1.4455,C:\Users\daisl\Documents\Tullio\PARALLEL\MISSDC_EXPERIMENTS\data\tax\MCAR\0.1\4\clean.csv,C:\Users\daisl\Documents\Tullio\PARALLEL\MISSDC_EXPERIMENTS\data\tax\MCAR\0.1\4\dirty.csv,C:\Users\daisl\Documents\Tullio\PARALLEL\MISSDC_EXPERIMENTS\data\tax\MCAR\0.1\4\dirty_imputed.csv,,
HYPERIMPUTE,2026-06-13T13:19:40,ok,tax,MCAR,15,0.1,5,0.1097,0.1097,0.1097,14985,0,,1721.0991,1.44,C:\Users\daisl\Documents\Tullio\PARALLEL\MISSDC_EXPERIMENTS\data\tax\MCAR\0.1\5\clean.csv,C:\Users\daisl\Documents\Tullio\PARALLEL\MISSDC_EXPERIMENTS\data\tax\MCAR\0.1\5\dirty.csv,C:\Users\daisl\Documents\Tullio\PARALLEL\MISSDC_EXPERIMENTS\data\tax\MCAR\0.1\5\dirty_imputed.csv,,
HYPERIMPUTE,2026-06-13T13:48:22,ok,tax,MCAR,15,0.15,1,0.1069,0.1069,0.1069,22485,0,,1813.5039,1.7013,C:\Users\daisl\Documents\Tullio\PARALLEL\MISSDC_EXPERIMENTS\data\tax\MCAR\0.15\1\clean.csv,C:\Users\daisl\Documents\Tullio\PARALLEL\MISSDC_EXPERIMENTS\data\tax\MCAR\0.15\1\dirty.csv,C:\Users\daisl\Documents\Tullio\PARALLEL\MISSDC_EXPERIMENTS\data\tax\MCAR\0.15\1\dirty_imputed.csv,,
HYPERIMPUTE,2026-06-13T14:18:38,ok,tax,MCAR,15,0.15,2,0.1054,0.1054,0.1054,22485,0,,3984.1087,1.6713,C:\Users\daisl\Documents\Tullio\PARALLEL\MISSDC_EXPERIMENTS\data\tax\MCAR\0.15\2\clean.csv,C:\Users\daisl\Documents\Tullio\PARALLEL\MISSDC_EXPERIMENTS\data\tax\MCAR\0.15\2\dirty.csv,C:\Users\daisl\Documents\Tullio\PARALLEL\MISSDC_EXPERIMENTS\data\tax\MCAR\0.15\2\dirty_imputed.csv,,
HYPERIMPUTE,2026-06-13T15:25:04,ok,tax,MCAR,15,0.15,3,0.1071,0.1071,0.1071,22485,0,,2007.4741,1.6213,C:\Users\daisl\Documents\Tullio\PARALLEL\MISSDC_EXPERIMENTS\data\tax\MCAR\0.15\3\clean.csv,C:\Users\daisl\Documents\Tullio\PARALLEL\MISSDC_EXPERIMENTS\data\tax\MCAR\0.15\3\dirty.csv,C:\Users\daisl\Documents\Tullio\PARALLEL\MISSDC_EXPERIMENTS\data\tax\MCAR\0.15\3\dirty_imputed.csv,,
HYPERIMPUTE,2026-06-13T15:58:33,ok,tax,MCAR,15,0.15,4,0.1085,0.1085,0.1085,22485,0,,1475.1224,1.6225,C:\Users\daisl\Documents\Tullio\PARALLEL\MISSDC_EXPERIMENTS\data\tax\MCAR\0.15\4\clean.csv,C:\Users\daisl\Documents\Tullio\PARALLEL\MISSDC_EXPERIMENTS\data\tax\MCAR\0.15\4\dirty.csv,C:\Users\daisl\Documents\Tullio\PARALLEL\MISSDC_EXPERIMENTS\data\tax\MCAR\0.15\4\dirty_imputed.csv,,
HYPERIMPUTE,2026-06-13T16:23:09,ok,tax,MCAR,15,0.15,5,0.1062,0.1062,0.1062,22485,0,,1930.7652,1.7585,C:\Users\daisl\Documents\Tullio\PARALLEL\MISSDC_EXPERIMENTS\data\tax\MCAR\0.15\5\clean.csv,C:\Users\daisl\Documents\Tullio\PARALLEL\MISSDC_EXPERIMENTS\data\tax\MCAR\0.15\5\dirty.csv,C:\Users\daisl\Documents\Tullio\PARALLEL\MISSDC_EXPERIMENTS\data\tax\MCAR\0.15\5\dirty_imputed.csv,,
HYPERIMPUTE,2026-06-13T16:55:22,ok,tax,MCAR,15,0.2,1,0.1055,0.1055,0.1055,29985,0,,1083.7521,1.4993,C:\Users\daisl\Documents\Tullio\PARALLEL\MISSDC_EXPERIMENTS\data\tax\MCAR\0.2\1\clean.csv,C:\Users\daisl\Documents\Tullio\PARALLEL\MISSDC_EXPERIMENTS\data\tax\MCAR\0.2\1\dirty.csv,C:\Users\daisl\Documents\Tullio\PARALLEL\MISSDC_EXPERIMENTS\data\tax\MCAR\0.2\1\dirty_imputed.csv,,
HYPERIMPUTE,2026-06-13T17:13:27,ok,tax,MCAR,15,0.2,2,0.1066,0.1066,0.1066,29985,0,,1223.6058,1.8386,C:\Users\daisl\Documents\Tullio\PARALLEL\MISSDC_EXPERIMENTS\data\tax\MCAR\0.2\2\clean.csv,C:\Users\daisl\Documents\Tullio\PARALLEL\MISSDC_EXPERIMENTS\data\tax\MCAR\0.2\2\dirty.csv,C:\Users\daisl\Documents\Tullio\PARALLEL\MISSDC_EXPERIMENTS\data\tax\MCAR\0.2\2\dirty_imputed.csv,,
HYPERIMPUTE,2026-06-13T17:33:53,ok,tax,MCAR,15,0.2,3,0.1069,0.1069,0.1069,29985,0,,1458.515,1.8207,C:\Users\daisl\Documents\Tullio\PARALLEL\MISSDC_EXPERIMENTS\data\tax\MCAR\0.2\3\clean.csv,C:\Users\daisl\Documents\Tullio\PARALLEL\MISSDC_EXPERIMENTS\data\tax\MCAR\0.2\3\dirty.csv,C:\Users\daisl\Documents\Tullio\PARALLEL\MISSDC_EXPERIMENTS\data\tax\MCAR\0.2\3\dirty_imputed.csv,,
HYPERIMPUTE,2026-06-13T17:58:13,ok,tax,MCAR,15,0.2,4,0.1074,0.1074,0.1074,29985,0,,2194.1661,1.889,C:\Users\daisl\Documents\Tullio\PARALLEL\MISSDC_EXPERIMENTS\data\tax\MCAR\0.2\4\clean.csv,C:\Users\daisl\Documents\Tullio\PARALLEL\MISSDC_EXPERIMENTS\data\tax\MCAR\0.2\4\dirty.csv,C:\Users\daisl\Documents\Tullio\PARALLEL\MISSDC_EXPERIMENTS\data\tax\MCAR\0.2\4\dirty_imputed.csv,,
HYPERIMPUTE,2026-06-13T18:34:49,ok,tax,MCAR,15,0.2,5,0.1074,0.1074,0.1074,29985,0,,1900.7546,2.0576,C:\Users\daisl\Documents\Tullio\PARALLEL\MISSDC_EXPERIMENTS\data\tax\MCAR\0.2\5\clean.csv,C:\Users\daisl\Documents\Tullio\PARALLEL\MISSDC_EXPERIMENTS\data\tax\MCAR\0.2\5\dirty.csv,C:\Users\daisl\Documents\Tullio\PARALLEL\MISSDC_EXPERIMENTS\data\tax\MCAR\0.2\5\dirty_imputed.csv,,
HYPERIMPUTE,2026-06-13T19:06:32,ok,tax,MCAR,15,0.25,1,0.1076,0.1076,0.1076,37485,0,,1629.6403,2.1192,C:\Users\daisl\Documents\Tullio\PARALLEL\MISSDC_EXPERIMENTS\data\tax\MCAR\0.25\1\clean.csv,C:\Users\daisl\Documents\Tullio\PARALLEL\MISSDC_EXPERIMENTS\data\tax\MCAR\0.25\1\dirty.csv,C:\Users\daisl\Documents\Tullio\PARALLEL\MISSDC_EXPERIMENTS\data\tax\MCAR\0.25\1\dirty_imputed.csv,,
HYPERIMPUTE,2026-06-13T19:33:44,ok,tax,MCAR,15,0.25,2,0.1075,0.1075,0.1075,37485,0,,3487.1167,2.0765,C:\Users\daisl\Documents\Tullio\PARALLEL\MISSDC_EXPERIMENTS\data\tax\MCAR\0.25\2\clean.csv,C:\Users\daisl\Documents\Tullio\PARALLEL\MISSDC_EXPERIMENTS\data\tax\MCAR\0.25\2\dirty.csv,C:\Users\daisl\Documents\Tullio\PARALLEL\MISSDC_EXPERIMENTS\data\tax\MCAR\0.25\2\dirty_imputed.csv,,
HYPERIMPUTE,2026-06-13T20:31:53,ok,tax,MCAR,15,0.25,3,0.1059,0.1059,0.1059,37485,0,,2409.558,1.8831,C:\Users\daisl\Documents\Tullio\PARALLEL\MISSDC_EXPERIMENTS\data\tax\MCAR\0.25\3\clean.csv,C:\Users\daisl\Documents\Tullio\PARALLEL\MISSDC_EXPERIMENTS\data\tax\MCAR\0.25\3\dirty.csv,C:\Users\daisl\Documents\Tullio\PARALLEL\MISSDC_EXPERIMENTS\data\tax\MCAR\0.25\3\dirty_imputed.csv,,
HYPERIMPUTE,2026-06-13T21:12:05,ok,tax,MCAR,15,0.25,4,0.1075,0.1075,0.1075,37485,0,,2970.2967,2.0821,C:\Users\daisl\Documents\Tullio\PARALLEL\MISSDC_EXPERIMENTS\data\tax\MCAR\0.25\4\clean.csv,C:\Users\daisl\Documents\Tullio\PARALLEL\MISSDC_EXPERIMENTS\data\tax\MCAR\0.25\4\dirty.csv,C:\Users\daisl\Documents\Tullio\PARALLEL\MISSDC_EXPERIMENTS\data\tax\MCAR\0.25\4\dirty_imputed.csv,,
HYPERIMPUTE,2026-06-13T22:01:37,ok,tax,MCAR,15,0.25,5,0.1063,0.1063,0.1063,37485,0,,2331.8143,1.8316,C:\Users\daisl\Documents\Tullio\PARALLEL\MISSDC_EXPERIMENTS\data\tax\MCAR\0.25\5\clean.csv,C:\Users\daisl\Documents\Tullio\PARALLEL\MISSDC_EXPERIMENTS\data\tax\MCAR\0.25\5\dirty.csv,C:\Users\daisl\Documents\Tullio\PARALLEL\MISSDC_EXPERIMENTS\data\tax\MCAR\0.25\5\dirty_imputed.csv,,
HYPERIMPUTE,2026-06-13T22:40:31,ok,tax,MCAR,15,0.3,1,0.1078,0.1078,0.1078,44985,0,,2629.3618,2.3603,C:\Users\daisl\Documents\Tullio\PARALLEL\MISSDC_EXPERIMENTS\data\tax\MCAR\0.3\1\clean.csv,C:\Users\daisl\Documents\Tullio\PARALLEL\MISSDC_EXPERIMENTS\data\tax\MCAR\0.3\1\dirty.csv,C:\Users\daisl\Documents\Tullio\PARALLEL\MISSDC_EXPERIMENTS\data\tax\MCAR\0.3\1\dirty_imputed.csv,,
HYPERIMPUTE,2026-06-13T23:24:22,ok,tax,MCAR,15,0.3,2,0.1075,0.1075,0.1075,44985,0,,2243.3662,2.2425,C:\Users\daisl\Documents\Tullio\PARALLEL\MISSDC_EXPERIMENTS\data\tax\MCAR\0.3\2\clean.csv,C:\Users\daisl\Documents\Tullio\PARALLEL\MISSDC_EXPERIMENTS\data\tax\MCAR\0.3\2\dirty.csv,C:\Users\daisl\Documents\Tullio\PARALLEL\MISSDC_EXPERIMENTS\data\tax\MCAR\0.3\2\dirty_imputed.csv,,
HYPERIMPUTE,2026-06-14T00:01:48,ok,tax,MCAR,15,0.3,3,0.1067,0.1067,0.1067,44985,0,,4212.7184,2.3344,C:\Users\daisl\Documents\Tullio\PARALLEL\MISSDC_EXPERIMENTS\data\tax\MCAR\0.3\3\clean.csv,C:\Users\daisl\Documents\Tullio\PARALLEL\MISSDC_EXPERIMENTS\data\tax\MCAR\0.3\3\dirty.csv,C:\Users\daisl\Documents\Tullio\PARALLEL\MISSDC_EXPERIMENTS\data\tax\MCAR\0.3\3\dirty_imputed.csv,,
HYPERIMPUTE,2026-06-14T01:12:03,ok,tax,MCAR,15,0.3,4,0.1062,0.1062,0.1062,44985,0,,4677.8521,2.3366,C:\Users\daisl\Documents\Tullio\PARALLEL\MISSDC_EXPERIMENTS\data\tax\MCAR\0.3\4\clean.csv,C:\Users\daisl\Documents\Tullio\PARALLEL\MISSDC_EXPERIMENTS\data\tax\MCAR\0.3\4\dirty.csv,C:\Users\daisl\Documents\Tullio\PARALLEL\MISSDC_EXPERIMENTS\data\tax\MCAR\0.3\4\dirty_imputed.csv,,
HYPERIMPUTE,2026-06-14T02:30:03,ok,tax,MCAR,15,0.3,5,0.107,0.107,0.107,44985,0,,2035.8347,2.2725,C:\Users\daisl\Documents\Tullio\PARALLEL\MISSDC_EXPERIMENTS\data\tax\MCAR\0.3\5\clean.csv,C:\Users\daisl\Documents\Tullio\PARALLEL\MISSDC_EXPERIMENTS\data\tax\MCAR\0.3\5\dirty.csv,C:\Users\daisl\Documents\Tullio\PARALLEL\MISSDC_EXPERIMENTS\data\tax\MCAR\0.3\5\dirty_imputed.csv,,
HYPERIMPUTE,2026-06-14T03:04:02,ok,tax,MNAR,15,0.01,1,0.1394,0.1394,0.1394,1485,0,,2425.8076,1.1322,C:\Users\daisl\Documents\Tullio\PARALLEL\MISSDC_EXPERIMENTS\data\tax\MNAR\0.01\1\clean.csv,C:\Users\daisl\Documents\Tullio\PARALLEL\MISSDC_EXPERIMENTS\data\tax\MNAR\0.01\1\dirty.csv,C:\Users\daisl\Documents\Tullio\PARALLEL\MISSDC_EXPERIMENTS\data\tax\MNAR\0.01\1\dirty_imputed.csv,,
HYPERIMPUTE,2026-06-14T03:44:29,ok,tax,MNAR,15,0.01,2,0.0667,0.0667,0.0667,1485,0,,5264.4528,1.114,C:\Users\daisl\Documents\Tullio\PARALLEL\MISSDC_EXPERIMENTS\data\tax\MNAR\0.01\2\clean.csv,C:\Users\daisl\Documents\Tullio\PARALLEL\MISSDC_EXPERIMENTS\data\tax\MNAR\0.01\2\dirty.csv,C:\Users\daisl\Documents\Tullio\PARALLEL\MISSDC_EXPERIMENTS\data\tax\MNAR\0.01\2\dirty_imputed.csv,,
HYPERIMPUTE,2026-06-14T05:12:14,ok,tax,MNAR,15,0.01,3,0.1333,0.1333,0.1333,1485,0,,5273.7636,1.1967,C:\Users\daisl\Documents\Tullio\PARALLEL\MISSDC_EXPERIMENTS\data\tax\MNAR\0.01\3\clean.csv,C:\Users\daisl\Documents\Tullio\PARALLEL\MISSDC_EXPERIMENTS\data\tax\MNAR\0.01\3\dirty.csv,C:\Users\daisl\Documents\Tullio\PARALLEL\MISSDC_EXPERIMENTS\data\tax\MNAR\0.01\3\dirty_imputed.csv,,
HYPERIMPUTE,2026-06-14T06:40:09,ok,tax,MNAR,15,0.01,4,0.0,0.0,0.0,1485,0,,2205.3639,1.1208,C:\Users\daisl\Documents\Tullio\PARALLEL\MISSDC_EXPERIMENTS\data\tax\MNAR\0.01\4\clean.csv,C:\Users\daisl\Documents\Tullio\PARALLEL\MISSDC_EXPERIMENTS\data\tax\MNAR\0.01\4\dirty.csv,C:\Users\daisl\Documents\Tullio\PARALLEL\MISSDC_EXPERIMENTS\data\tax\MNAR\0.01\4\dirty_imputed.csv,,
HYPERIMPUTE,2026-06-14T07:16:56,ok,tax,MNAR,15,0.01,5,0.0,0.0,0.0,1485,0,,4061.2529,1.2112,C:\Users\daisl\Documents\Tullio\PARALLEL\MISSDC_EXPERIMENTS\data\tax\MNAR\0.01\5\clean.csv,C:\Users\daisl\Documents\Tullio\PARALLEL\MISSDC_EXPERIMENTS\data\tax\MNAR\0.01\5\dirty.csv,C:\Users\daisl\Documents\Tullio\PARALLEL\MISSDC_EXPERIMENTS\data\tax\MNAR\0.01\5\dirty_imputed.csv,,
HYPERIMPUTE,2026-06-14T08:24:38,ok,tax,MNAR,15,0.05,1,0.1333,0.1333,0.1333,7485,0,,5268.1181,1.3435,C:\Users\daisl\Documents\Tullio\PARALLEL\MISSDC_EXPERIMENTS\data\tax\MNAR\0.05\1\clean.csv,C:\Users\daisl\Documents\Tullio\PARALLEL\MISSDC_EXPERIMENTS\data\tax\MNAR\0.05\1\dirty.csv,C:\Users\daisl\Documents\Tullio\PARALLEL\MISSDC_EXPERIMENTS\data\tax\MNAR\0.05\1\dirty_imputed.csv,,
HYPERIMPUTE,2026-06-14T09:52:28,ok,tax,MNAR,15,0.05,2,0.0,0.0,0.0,7485,0,,4870.2861,1.2663,C:\Users\daisl\Documents\Tullio\PARALLEL\MISSDC_EXPERIMENTS\data\tax\MNAR\0.05\2\clean.csv,C:\Users\daisl\Documents\Tullio\PARALLEL\MISSDC_EXPERIMENTS\data\tax\MNAR\0.05\2\dirty.csv,C:\Users\daisl\Documents\Tullio\PARALLEL\MISSDC_EXPERIMENTS\data\tax\MNAR\0.05\2\dirty_imputed.csv,,
HYPERIMPUTE,2026-06-14T11:13:39,ok,tax,MNAR,15,0.05,3,0.0,0.0,0.0,7485,0,,4938.6197,1.3206,C:\Users\daisl\Documents\Tullio\PARALLEL\MISSDC_EXPERIMENTS\data\tax\MNAR\0.05\3\clean.csv,C:\Users\daisl\Documents\Tullio\PARALLEL\MISSDC_EXPERIMENTS\data\tax\MNAR\0.05\3\dirty.csv,C:\Users\daisl\Documents\Tullio\PARALLEL\MISSDC_EXPERIMENTS\data\tax\MNAR\0.05\3\dirty_imputed.csv,,
HYPERIMPUTE,2026-06-14T12:35:59,ok,tax,MNAR,15,0.05,4,0.1333,0.1333,0.1333,7485,0,,5175.5791,1.3237,C:\Users\daisl\Documents\Tullio\PARALLEL\MISSDC_EXPERIMENTS\data\tax\MNAR\0.05\4\clean.csv,C:\Users\daisl\Documents\Tullio\PARALLEL\MISSDC_EXPERIMENTS\data\tax\MNAR\0.05\4\dirty.csv,C:\Users\daisl\Documents\Tullio\PARALLEL\MISSDC_EXPERIMENTS\data\tax\MNAR\0.05\4\dirty_imputed.csv,,
HYPERIMPUTE,2026-06-14T14:02:16,ok,tax,MNAR,15,0.05,5,0.2,0.2,0.2,7485,0,,5255.9931,1.2642,C:\Users\daisl\Documents\Tullio\PARALLEL\MISSDC_EXPERIMENTS\data\tax\MNAR\0.05\5\clean.csv,C:\Users\daisl\Documents\Tullio\PARALLEL\MISSDC_EXPERIMENTS\data\tax\MNAR\0.05\5\dirty.csv,C:\Users\daisl\Documents\Tullio\PARALLEL\MISSDC_EXPERIMENTS\data\tax\MNAR\0.05\5\dirty_imputed.csv,,
HYPERIMPUTE,2026-06-14T15:29:53,ok,tax,MNAR,15,0.1,1,0.0667,0.0667,0.0667,14985,0,,5172.7841,1.4228,C:\Users\daisl\Documents\Tullio\PARALLEL\MISSDC_EXPERIMENTS\data\tax\MNAR\0.1\1\clean.csv,C:\Users\daisl\Documents\Tullio\PARALLEL\MISSDC_EXPERIMENTS\data\tax\MNAR\0.1\1\dirty.csv,C:\Users\daisl\Documents\Tullio\PARALLEL\MISSDC_EXPERIMENTS\data\tax\MNAR\0.1\1\dirty_imputed.csv,,
HYPERIMPUTE,2026-06-14T16:56:08,ok,tax,MNAR,15,0.1,2,0.0866,0.0866,0.0866,14985,0,,2739.9813,1.4908,C:\Users\daisl\Documents\Tullio\PARALLEL\MISSDC_EXPERIMENTS\data\tax\MNAR\0.1\2\clean.csv,C:\Users\daisl\Documents\Tullio\PARALLEL\MISSDC_EXPERIMENTS\data\tax\MNAR\0.1\2\dirty.csv,C:\Users\daisl\Documents\Tullio\PARALLEL\MISSDC_EXPERIMENTS\data\tax\MNAR\0.1\2\dirty_imputed.csv,,
HYPERIMPUTE,2026-06-14T17:41:49,ok,tax,MNAR,15,0.1,3,0.1333,0.1333,0.1333,14985,0,,1890.5747,1.4671,C:\Users\daisl\Documents\Tullio\PARALLEL\MISSDC_EXPERIMENTS\data\tax\MNAR\0.1\3\clean.csv,C:\Users\daisl\Documents\Tullio\PARALLEL\MISSDC_EXPERIMENTS\data\tax\MNAR\0.1\3\dirty.csv,C:\Users\daisl\Documents\Tullio\PARALLEL\MISSDC_EXPERIMENTS\data\tax\MNAR\0.1\3\dirty_imputed.csv,,
HYPERIMPUTE,2026-06-14T18:13:21,ok,tax,MNAR,15,0.1,4,0.0667,0.0667,0.0667,14985,0,,2273.5364,1.4243,C:\Users\daisl\Documents\Tullio\PARALLEL\MISSDC_EXPERIMENTS\data\tax\MNAR\0.1\4\clean.csv,C:\Users\daisl\Documents\Tullio\PARALLEL\MISSDC_EXPERIMENTS\data\tax\MNAR\0.1\4\dirty.csv,C:\Users\daisl\Documents\Tullio\PARALLEL\MISSDC_EXPERIMENTS\data\tax\MNAR\0.1\4\dirty_imputed.csv,,
HYPERIMPUTE,2026-06-14T18:51:16,ok,tax,MNAR,15,0.1,5,0.0779,0.0779,0.0779,14985,0,,4260.3863,1.3233,C:\Users\daisl\Documents\Tullio\PARALLEL\MISSDC_EXPERIMENTS\data\tax\MNAR\0.1\5\clean.csv,C:\Users\daisl\Documents\Tullio\PARALLEL\MISSDC_EXPERIMENTS\data\tax\MNAR\0.1\5\dirty.csv,C:\Users\daisl\Documents\Tullio\PARALLEL\MISSDC_EXPERIMENTS\data\tax\MNAR\0.1\5\dirty_imputed.csv,,
HYPERIMPUTE,2026-06-14T20:02:18,ok,tax,MNAR,15,0.15,1,0.1333,0.1333,0.1333,22485,0,,2987.8624,1.7184,C:\Users\daisl\Documents\Tullio\PARALLEL\MISSDC_EXPERIMENTS\data\tax\MNAR\0.15\1\clean.csv,C:\Users\daisl\Documents\Tullio\PARALLEL\MISSDC_EXPERIMENTS\data\tax\MNAR\0.15\1\dirty.csv,C:\Users\daisl\Documents\Tullio\PARALLEL\MISSDC_EXPERIMENTS\data\tax\MNAR\0.15\1\dirty_imputed.csv,,
HYPERIMPUTE,2026-06-14T20:52:08,ok,tax,MNAR,15,0.15,2,0.121,0.121,0.121,22485,0,,2470.5608,1.5959,C:\Users\daisl\Documents\Tullio\PARALLEL\MISSDC_EXPERIMENTS\data\tax\MNAR\0.15\2\clean.csv,C:\Users\daisl\Documents\Tullio\PARALLEL\MISSDC_EXPERIMENTS\data\tax\MNAR\0.15\2\dirty.csv,C:\Users\daisl\Documents\Tullio\PARALLEL\MISSDC_EXPERIMENTS\data\tax\MNAR\0.15\2\dirty_imputed.csv,,
HYPERIMPUTE,2026-06-14T21:33:20,ok,tax,MNAR,15,0.15,3,0.1333,0.1333,0.1333,22485,0,,1392.5056,1.6795,C:\Users\daisl\Documents\Tullio\PARALLEL\MISSDC_EXPERIMENTS\data\tax\MNAR\0.15\3\clean.csv,C:\Users\daisl\Documents\Tullio\PARALLEL\MISSDC_EXPERIMENTS\data\tax\MNAR\0.15\3\dirty.csv,C:\Users\daisl\Documents\Tullio\PARALLEL\MISSDC_EXPERIMENTS\data\tax\MNAR\0.15\3\dirty_imputed.csv,,
HYPERIMPUTE,2026-06-14T21:56:34,ok,tax,MNAR,15,0.15,4,0.0667,0.0667,0.0667,22485,0,,2766.6093,1.7254,C:\Users\daisl\Documents\Tullio\PARALLEL\MISSDC_EXPERIMENTS\data\tax\MNAR\0.15\4\clean.csv,C:\Users\daisl\Documents\Tullio\PARALLEL\MISSDC_EXPERIMENTS\data\tax\MNAR\0.15\4\dirty.csv,C:\Users\daisl\Documents\Tullio\PARALLEL\MISSDC_EXPERIMENTS\data\tax\MNAR\0.15\4\dirty_imputed.csv,,
HYPERIMPUTE,2026-06-14T22:42:42,ok,tax,MNAR,15,0.15,5,0.1652,0.1652,0.1652,22485,0,,1729.17,1.6831,C:\Users\daisl\Documents\Tullio\PARALLEL\MISSDC_EXPERIMENTS\data\tax\MNAR\0.15\5\clean.csv,C:\Users\daisl\Documents\Tullio\PARALLEL\MISSDC_EXPERIMENTS\data\tax\MNAR\0.15\5\dirty.csv,C:\Users\daisl\Documents\Tullio\PARALLEL\MISSDC_EXPERIMENTS\data\tax\MNAR\0.15\5\dirty_imputed.csv,,
HYPERIMPUTE,2026-06-14T23:11:33,ok,tax,MNAR,15,0.2,1,0.0667,0.0667,0.0667,29985,0,,2050.978,1.965,C:\Users\daisl\Documents\Tullio\PARALLEL\MISSDC_EXPERIMENTS\data\tax\MNAR\0.2\1\clean.csv,C:\Users\daisl\Documents\Tullio\PARALLEL\MISSDC_EXPERIMENTS\data\tax\MNAR\0.2\1\dirty.csv,C:\Users\daisl\Documents\Tullio\PARALLEL\MISSDC_EXPERIMENTS\data\tax\MNAR\0.2\1\dirty_imputed.csv,,
HYPERIMPUTE,2026-06-14T23:45:46,ok,tax,MNAR,15,0.2,2,0.0409,0.0409,0.0409,29985,0,,2527.8353,1.5544,C:\Users\daisl\Documents\Tullio\PARALLEL\MISSDC_EXPERIMENTS\data\tax\MNAR\0.2\2\clean.csv,C:\Users\daisl\Documents\Tullio\PARALLEL\MISSDC_EXPERIMENTS\data\tax\MNAR\0.2\2\dirty.csv,C:\Users\daisl\Documents\Tullio\PARALLEL\MISSDC_EXPERIMENTS\data\tax\MNAR\0.2\2\dirty_imputed.csv,,
HYPERIMPUTE,2026-06-15T00:27:56,ok,tax,MNAR,15,0.2,3,0.0958,0.0958,0.0958,29985,0,,1628.5713,1.7731,C:\Users\daisl\Documents\Tullio\PARALLEL\MISSDC_EXPERIMENTS\data\tax\MNAR\0.2\3\clean.csv,C:\Users\daisl\Documents\Tullio\PARALLEL\MISSDC_EXPERIMENTS\data\tax\MNAR\0.2\3\dirty.csv,C:\Users\daisl\Documents\Tullio\PARALLEL\MISSDC_EXPERIMENTS\data\tax\MNAR\0.2\3\dirty_imputed.csv,,
HYPERIMPUTE,2026-06-15T00:55:06,ok,tax,MNAR,15,0.2,4,0.091,0.091,0.091,29985,0,,1729.991,1.8373,C:\Users\daisl\Documents\Tullio\PARALLEL\MISSDC_EXPERIMENTS\data\tax\MNAR\0.2\4\clean.csv,C:\Users\daisl\Documents\Tullio\PARALLEL\MISSDC_EXPERIMENTS\data\tax\MNAR\0.2\4\dirty.csv,C:\Users\daisl\Documents\Tullio\PARALLEL\MISSDC_EXPERIMENTS\data\tax\MNAR\0.2\4\dirty_imputed.csv,,
HYPERIMPUTE,2026-06-15T01:23:58,ok,tax,MNAR,15,0.2,5,0.0626,0.0626,0.0626,29985,0,,1449.6068,1.497,C:\Users\daisl\Documents\Tullio\PARALLEL\MISSDC_EXPERIMENTS\data\tax\MNAR\0.2\5\clean.csv,C:\Users\daisl\Documents\Tullio\PARALLEL\MISSDC_EXPERIMENTS\data\tax\MNAR\0.2\5\dirty.csv,C:\Users\daisl\Documents\Tullio\PARALLEL\MISSDC_EXPERIMENTS\data\tax\MNAR\0.2\5\dirty_imputed.csv,,
HYPERIMPUTE,2026-06-15T01:48:09,ok,tax,MNAR,15,0.25,1,0.0677,0.0677,0.0677,37485,0,,2131.2476,2.0375,C:\Users\daisl\Documents\Tullio\PARALLEL\MISSDC_EXPERIMENTS\data\tax\MNAR\0.25\1\clean.csv,C:\Users\daisl\Documents\Tullio\PARALLEL\MISSDC_EXPERIMENTS\data\tax\MNAR\0.25\1\dirty.csv,C:\Users\daisl\Documents\Tullio\PARALLEL\MISSDC_EXPERIMENTS\data\tax\MNAR\0.25\1\dirty_imputed.csv,,
HYPERIMPUTE,2026-06-15T02:23:42,ok,tax,MNAR,15,0.25,2,0.0723,0.0723,0.0723,37485,0,,2409.8096,1.832,C:\Users\daisl\Documents\Tullio\PARALLEL\MISSDC_EXPERIMENTS\data\tax\MNAR\0.25\2\clean.csv,C:\Users\daisl\Documents\Tullio\PARALLEL\MISSDC_EXPERIMENTS\data\tax\MNAR\0.25\2\dirty.csv,C:\Users\daisl\Documents\Tullio\PARALLEL\MISSDC_EXPERIMENTS\data\tax\MNAR\0.25\2\dirty_imputed.csv,,
HYPERIMPUTE,2026-06-15T03:03:54,ok,tax,MNAR,15,0.25,3,0.1112,0.1112,0.1112,37485,0,,1982.2566,2.0936,C:\Users\daisl\Documents\Tullio\PARALLEL\MISSDC_EXPERIMENTS\data\tax\MNAR\0.25\3\clean.csv,C:\Users\daisl\Documents\Tullio\PARALLEL\MISSDC_EXPERIMENTS\data\tax\MNAR\0.25\3\dirty.csv,C:\Users\daisl\Documents\Tullio\PARALLEL\MISSDC_EXPERIMENTS\data\tax\MNAR\0.25\3\dirty_imputed.csv,,
HYPERIMPUTE,2026-06-15T03:36:59,ok,tax,MNAR,15,0.25,4,0.1325,0.1325,0.1325,37485,0,,2226.515,2.1189,C:\Users\daisl\Documents\Tullio\PARALLEL\MISSDC_EXPERIMENTS\data\tax\MNAR\0.25\4\clean.csv,C:\Users\daisl\Documents\Tullio\PARALLEL\MISSDC_EXPERIMENTS\data\tax\MNAR\0.25\4\dirty.csv,C:\Users\daisl\Documents\Tullio\PARALLEL\MISSDC_EXPERIMENTS\data\tax\MNAR\0.25\4\dirty_imputed.csv,,
HYPERIMPUTE,2026-06-15T04:14:07,ok,tax,MNAR,15,0.25,5,0.1954,0.1954,0.1954,37485,0,,2292.9316,2.0834,C:\Users\daisl\Documents\Tullio\PARALLEL\MISSDC_EXPERIMENTS\data\tax\MNAR\0.25\5\clean.csv,C:\Users\daisl\Documents\Tullio\PARALLEL\MISSDC_EXPERIMENTS\data\tax\MNAR\0.25\5\dirty.csv,C:\Users\daisl\Documents\Tullio\PARALLEL\MISSDC_EXPERIMENTS\data\tax\MNAR\0.25\5\dirty_imputed.csv,,
HYPERIMPUTE,2026-06-15T04:52:22,ok,tax,MNAR,15,0.3,1,0.0899,0.0899,0.0899,44985,0,,1894.6973,2.2985,C:\Users\daisl\Documents\Tullio\PARALLEL\MISSDC_EXPERIMENTS\data\tax\MNAR\0.3\1\clean.csv,C:\Users\daisl\Documents\Tullio\PARALLEL\MISSDC_EXPERIMENTS\data\tax\MNAR\0.3\1\dirty.csv,C:\Users\daisl\Documents\Tullio\PARALLEL\MISSDC_EXPERIMENTS\data\tax\MNAR\0.3\1\dirty_imputed.csv,,
HYPERIMPUTE,2026-06-15T05:23:59,ok,tax,MNAR,15,0.3,2,0.1249,0.1249,0.1249,44985,0,,1520.6337,1.9567,C:\Users\daisl\Documents\Tullio\PARALLEL\MISSDC_EXPERIMENTS\data\tax\MNAR\0.3\2\clean.csv,C:\Users\daisl\Documents\Tullio\PARALLEL\MISSDC_EXPERIMENTS\data\tax\MNAR\0.3\2\dirty.csv,C:\Users\daisl\Documents\Tullio\PARALLEL\MISSDC_EXPERIMENTS\data\tax\MNAR\0.3\2\dirty_imputed.csv,,
HYPERIMPUTE,2026-06-15T05:49:22,ok,tax,MNAR,15,0.3,3,0.0118,0.0118,0.0118,44985,0,,1786.8078,2.3726,C:\Users\daisl\Documents\Tullio\PARALLEL\MISSDC_EXPERIMENTS\data\tax\MNAR\0.3\3\clean.csv,C:\Users\daisl\Documents\Tullio\PARALLEL\MISSDC_EXPERIMENTS\data\tax\MNAR\0.3\3\dirty.csv,C:\Users\daisl\Documents\Tullio\PARALLEL\MISSDC_EXPERIMENTS\data\tax\MNAR\0.3\3\dirty_imputed.csv,,
HYPERIMPUTE,2026-06-15T06:19:11,ok,tax,MNAR,15,0.3,4,0.1621,0.1621,0.1621,44985,0,,1182.3817,2.184,C:\Users\daisl\Documents\Tullio\PARALLEL\MISSDC_EXPERIMENTS\data\tax\MNAR\0.3\4\clean.csv,C:\Users\daisl\Documents\Tullio\PARALLEL\MISSDC_EXPERIMENTS\data\tax\MNAR\0.3\4\dirty.csv,C:\Users\daisl\Documents\Tullio\PARALLEL\MISSDC_EXPERIMENTS\data\tax\MNAR\0.3\4\dirty_imputed.csv,,
HYPERIMPUTE,2026-06-15T06:38:56,ok,tax,MNAR,15,0.3,5,0.1101,0.1101,0.1101,44985,0,,2045.178,1.8907,C:\Users\daisl\Documents\Tullio\PARALLEL\MISSDC_EXPERIMENTS\data\tax\MNAR\0.3\5\clean.csv,C:\Users\daisl\Documents\Tullio\PARALLEL\MISSDC_EXPERIMENTS\data\tax\MNAR\0.3\5\dirty.csv,C:\Users\daisl\Documents\Tullio\PARALLEL\MISSDC_EXPERIMENTS\data\tax\MNAR\0.3\5\dirty_imputed.csv,,
